122 120.83 120.02 119.49 119.17 119 118.91 118.83 118.7 118.45 118 117.32 116.49 115.59 114.73 114 113.48 113.17 113 112.96 113 113.09 113.23 113.42 113.68 114 114.39 114.82 115.25 115.66 116 116.25 116.39 116.4 116.28 116 115.55 114.94 114.14 113.16 112 110.65 109.15 107.51 105.79 104 102.18 100.35 98.529 96.739 95 93.326 91.706 90.122 88.56 87 85.438 83.909 82.462 81.143 80 79.068 78.331 77.759 77.325 77 76.755 76.561 76.389 76.212 76 75.725 75.357 74.869 74.231
122 120.83 120.02 119.49 119.17 119 118.91 118.83 118.7 118.45 118 117.32 116.49 115.59 114.73 114 113.48 113.17 113 112.96 113 113.09 113.23 113.42 113.68 114 114.39 114.82 115.25 115.66 116 116.25 116.39 116.4 116.28 116 115.55 114.94 114.14 113.16 112 110.65 109.15 107.51 105.79 104 102.18 100.35 98.529 96.739 95 93.326 91.706 90.122 88.56 87 85.438 83.909 82.462 81.143 80 79.068 78.331 77.759 77.325 77 76.755 76.561 76.389 76.212 76 75.725 75.357 74.869 74.231
122 120.83 120.02 119.49 119.17 119 118.91 118.83 118.7 118.45 118 117.32 116.49 115.59 114.73 114 113.48 113.17 113 112.96 113 113.09 113.23 113.42 113.68 114 114.39 114.82 115.25 115.66 116 116.25 116.39 116.4 116.28 116 115.55 114.94 114.14 113.16 112 110.65 109.15 107.51 105.79 104 102.18 100.35 98.529 96.739 95 93.326 91.706 90.122 88.56 87 85.438 83.909 82.462 81.143 80 79.068 78.331 77.759 77.325 77 76.755 76.561 76.389 76.212 76 75.725 75.357 74.869 74.231
122 120.83 120.02 119.49 119.17 119 118.91 118.83 118.7 118.45 118 117.32 116.49 115.59 114.73 114 113.48 113.17 113 112.96 113 113.09 113.23 113.42 113.68 114 114.39 114.82 115.25 115.66 116 116.25 116.39 116.4 116.28 116 115.55 114.94 114.14 113.16 112 110.65 109.15 107.51 105.79 104 102.18 100.35 98.529 96.739 95 93.326 91.706 90.122 88.56 87 85.438 83.909 82.462 81.143 80 79.068 78.331 77.759 77.325 77 76.755 76.561 76.389 76.212 76 75.725 75.357 74.869 74.231
122 120.83 120.02 119.49 119.17 119 118.91 118.83 118.7 118.45 118 117.32 116.49 115.59 114.73 114 113.48 113.17 113 112.96 113 113.09 113.23 113.42 113.68 114 114.39 114.82 115.25 115.66 116 116.25 116.39 116.4 116.28 116 115.55 114.94 114.14 113.16 112 110.65 109.15 107.51 105.79 104 102.18 100.35 98.529 96.739 95 93.326 91.706 90.122 88.56 87 85.438 83.909 82.462 81.143 80 79.068 78.331 77.759 77.325 77 76.755 76.561 76.389 76.212 76 75.725 75.357 74.869 74.231
122 120.83 120.02 119.49 119.17 119 118.91 118.83 118.7 118.45 118 117.32 116.49 115.59 114.73 114 113.48 113.17 113 112.96 113 113.09 113.23 113.42 113.68 114 114.39 114.82 115.25 115.66 116 116.25 116.39 116.4 116.28 116 115.55 114.94 114.14 113.16 112 110.65 109.15 107.51 105.79 104 102.18 100.35 98.529 96.739 95 93.326 91.706 90.122 88.56 87 85.438 83.909 82.462 81.143 80 79.068 78.331 77.759 77.325 77 76.755 76.561 76.389 76.212 76 75.725 75.357 74.869 74.231
122 120.83 120.02 119.49 119.17 119 118.91 118.83 118.7 118.45 118 117.32 116.49 115.59 114.73 114 113.48 113.17 113 112.96 113 113.09 113.23 113.42 113.68 114 114.39 114.82 115.25 115.66 116 116.25 116.39 116.4 116.28 116 115.55 114.94 114.14 113.16 112 110.65 109.15 107.51 105.79 104 102.18 100.35 98.529 96.739 95 93.326 91.706 90.122 88.56 87 85.438 83.909 82.462 81.143 80 79.068 78.331 77.759 77.325 77 76.755 76.561 76.389 76.212 76 75.725 75.357 74.869 74.231
122 120.83 120.02 119.49 119.17 119 118.91 118.83 118.7 118.45 118 117.32 116.49 115.59 114.73 114 113.48 113.17 113 112.96 113 113.09 113.23 113.42 113.68 114 114.39 114.82 115.25 115.66 116 116.25 116.39 116.4 116.28 116 115.55 114.94 114.14 113.16 112 110.65 109.15 107.51 105.79 104 102.18 100.35 98.529 96.739 95 93.326 91.706 90.122 88.56 87 85.438 83.909 82.462 81.143 80 79.068 78.331 77.759 77.325 77 76.755 76.561 76.389 76.212 76 75.725 75.357 74.869 74.231
122 120.83 120.02 119.49 119.17 119 118.91 118.83 118.7 118.45 118 117.32 116.49 115.59 114.73 114 113.48 113.17 113 112.96 113 113.09 113.23 113.42 113.68 114 114.39 114.82 115.25 115.66 116 116.25 116.39 116.4 116.28 116 115.55 114.94 114.14 113.16 112 110.65 109.15 107.51 105.79 104 102.18 100.35 98.529 96.739 95 93.326 91.706 90.122 88.56 87 85.438 83.909 82.462 81.143 80 79.068 78.331 77.759 77.325 77 76.755 76.561 76.389 76.212 76 75.725 75.357 74.869 74.231
122 120.83 120.02 119.49 119.17 119 118.91 118.83 118.7 118.45 118 117.32 116.49 115.59 114.73 114 113.48 113.17 113 112.96 113 113.09 113.23 113.42 113.68 114 114.39 114.82 115.25 115.66 116 116.25 116.39 116.4 116.28 116 115.55 114.94 114.14 113.16 112 110.65 109.15 107.51 105.79 104 102.18 100.35 98.529 96.739 95 93.326 91.706 90.122 88.56 87 85.438 83.909 82.462 81.143 80 79.068 78.331 77.759 77.325 77 76.755 76.561 76.389 76.212 76 75.725 75.357 74.869 74.231
122 120.83 120.02 119.49 119.17 119 118.91 118.83 118.7 118.45 118 117.32 116.49 115.59 114.73 114 113.48 113.17 113 112.96 113 113.09 113.23 113.42 113.68 114 114.39 114.82 115.25 115.66 116 116.25 116.39 116.4 116.28 116 115.55 114.94 114.14 113.16 112 110.65 109.15 107.51 105.79 104 102.18 100.35 98.529 96.739 95 93.326 91.706 90.122 88.56 87 85.438 83.909 82.462 81.143 80 79.068 78.331 77.759 77.325 77 76.755 76.561 76.389 76.212 76 75.725 75.357 74.869 74.231
122 120.83 120.02 119.49 119.17 119 118.91 118.83 118.7 118.45 118 117.32 116.49 115.59 114.73 114 113.48 113.17 113 112.96 113 113.09 113.23 113.42 113.68 114 114.39 114.82 115.25 115.66 116 116.25 116.39 116.4 116.28 116 115.55 114.94 114.14 113.16 112 110.65 109.15 107.51 105.79 104 102.18 100.35 98.529 96.739 95 93.326 91.706 90.122 88.56 87 85.438 83.909 82.462 81.143 80 79.068 78.331 77.759 77.325 77 76.755 76.561 76.389 76.212 76 75.725 75.357 74.869 74.231
122 120.83 120.02 119.49 119.17 119 118.91 118.83 118.7 118.45 118 117.32 116.49 115.59 114.73 114 113.48 113.17 113 112.96 113 113.09 113.23 113.42 113.68 114 114.39 114.82 115.25 115.66 116 116.25 116.39 116.4 116.28 116 115.55 114.94 114.14 113.16 112 110.65 109.15 107.51 105.79 104 102.18 100.35 98.529 96.739 95 93.326 91.706 90.122 88.56 87 85.438 83.909 82.462 81.143 80 79.068 78.331 77.759 77.325 77 76.755 76.561 76.389 76.212 76 75.725 75.357 74.869 74.231
122 120.83 120.02 119.49 119.17 119 118.91 118.83 118.7 118.45 118 117.32 116.49 115.59 114.73 114 113.48 113.17 113 112.96 113 113.09 113.23 113.42 113.68 114 114.39 114.82 115.25 115.66 116 116.25 116.39 116.4 116.28 116 115.55 114.94 114.14 113.16 112 110.65 109.15 107.51 105.79 104 102.18 100.35 98.529 96.739 95 93.326 91.706 90.122 88.56 87 85.438 83.909 82.462 81.143 80 79.068 78.331 77.759 77.325 77 76.755 76.561 76.389 76.212 76 75.725 75.357 74.869 74.231
122 120.83 120.02 119.49 119.17 119 118.91 118.83 118.7 118.45 118 117.32 116.49 115.59 114.73 114 113.48 113.17 113 112.96 113 113.09 113.23 113.42 113.68 114 114.39 114.82 115.25 115.66 116 116.25 116.39 116.4 116.28 116 115.55 114.94 114.14 113.16 112 110.65 109.15 107.51 105.79 104 102.18 100.35 98.529 96.739 95 93.326 91.706 90.122 88.56 87 85.438 83.909 82.462 81.143 80 79.068 78.331 77.759 77.325 77 76.755 76.561 76.389 76.212 76 75.725 75.357 74.869 74.231
122 120.83 120.02 119.49 119.17 119 118.91 118.83 118.7 118.45 118 117.32 116.49 115.59 114.73 114 113.48 113.17 113 112.96 113 113.09 113.23 113.42 113.68 114 114.39 114.82 115.25 115.66 116 116.25 116.39 116.4 116.28 116 115.55 114.94 114.14 113.16 112 110.65 109.15 107.51 105.79 104 102.18 100.35 98.529 96.739 95 93.326 91.706 90.122 88.56 87 85.438 83.909 82.462 81.143 80 79.068 78.331 77.759 77.325 77 76.755 76.561 76.389 76.212 76 75.725 75.357 74.869 74.231
122 120.83 120.02 119.49 119.17 119 118.91 118.83 118.7 118.45 118 117.32 116.49 115.59 114.73 114 113.48 113.17 113 112.96 113 113.09 113.23 113.42 113.68 114 114.39 114.82 115.25 115.66 116 116.25 116.39 116.4 116.28 116 115.55 114.94 114.14 113.16 112 110.65 109.15 107.51 105.79 104 102.18 100.35 98.529 96.739 95 93.326 91.706 90.122 88.56 87 85.438 83.909 82.462 81.143 80 79.068 78.331 77.759 77.325 77 76.755 76.561 76.389 76.212 76 75.725 75.357 74.869 74.231
122 120.83 120.02 119.49 119.17 119 118.91 118.83 118.7 118.45 118 117.32 116.49 115.59 114.73 114 113.48 113.17 113 112.96 113 113.09 113.23 113.42 113.68 114 114.39 114.82 115.25 115.66 116 116.25 116.39 116.4 116.28 116 115.55 114.94 114.14 113.16 112 110.65 109.15 107.51 105.79 104 102.18 100.35 98.529 96.739 95 93.326 91.706 90.122 88.56 87 85.438 83.909 82.462 81.143 80 79.068 78.331 77.759 77.325 77 76.755 76.561 76.389 76.212 76 75.725 75.357 74.869 74.231
122 120.83 120.02 119.49 119.17 119 118.91 118.83 118.7 118.45 118 117.32 116.49 115.59 114.73 114 113.48 113.17 113 112.96 113 113.09 113.23 113.42 113.68 114 114.39 114.82 115.25 115.66 116 116.25 116.39 116.4 116.28 116 115.55 114.94 114.14 113.16 112 110.65 109.15 107.51 105.79 104 102.18 100.35 98.529 96.739 95 93.326 91.706 90.122 88.56 87 85.438 83.909 82.462 81.143 80 79.068 78.331 77.759 77.325 77 76.755 76.561 76.389 76.212 76 75.725 75.357 74.869 74.231
122 120.83 120.02 119.49 119.17 119 118.91 118.83 118.7 118.45 118 117.32 116.49 115.59 114.73 114 113.48 113.17 113 112.96 113 113.09 113.23 113.42 113.68 114 114.39 114.82 115.25 115.66 116 116.25 116.39 116.4 116.28 116 115.55 114.94 114.14 113.16 112 110.65 109.15 107.51 105.79 104 102.18 100.35 98.529 96.739 95 93.326 91.706 90.122 88.56 87 85.438 83.909 82.462 81.143 80 79.068 78.331 77.759 77.325 77 76.755 76.561 76.389 76.212 76 75.725 75.357 74.869 74.231
122 120.83 120.02 119.49 119.17 119 118.91 118.83 118.7 118.45 118 117.32 116.49 115.59 114.73 114 113.48 113.17 113 112.96 113 113.09 113.23 113.42 113.68 114 114.39 114.82 115.25 115.66 116 116.25 116.39 116.4 116.28 116 115.55 114.94 114.14 113.16 112 110.65 109.15 107.51 105.79 104 102.18 100.35 98.529 96.739 95 93.326 91.706 90.122 88.56 87 85.438 83.909 82.462 81.143 80 79.068 78.331 77.759 77.325 77 76.755 76.561 76.389 76.212 76 75.725 75.357 74.869 74.231
122 120.83 120.02 119.49 119.17 119 118.91 118.83 118.7 118.45 118 117.32 116.49 115.59 114.73 114 113.48 113.17 113 112.96 113 113.09 113.23 113.42 113.68 114 114.39 114.82 115.25 115.66 116 116.25 116.39 116.4 116.28 116 115.55 114.94 114.14 113.16 112 110.65 109.15 107.51 105.79 104 102.18 100.35 98.529 96.739 95 93.326 91.706 90.122 88.56 87 85.438 83.909 82.462 81.143 80 79.068 78.331 77.759 77.325 77 76.755 76.561 76.389 76.212 76 75.725 75.357 74.869 74.231
122 120.83 120.02 119.49 119.17 119 118.91 118.83 118.7 118.45 118 117.32 116.49 115.59 114.73 114 113.48 113.17 113 112.96 113 113.09 113.23 113.42 113.68 114 114.39 114.82 115.25 115.66 116 116.25 116.39 116.4 116.28 116 115.55 114.94 114.14 113.16 112 110.65 109.15 107.51 105.79 104 102.18 100.35 98.529 96.739 95 93.326 91.706 90.122 88.56 87 85.438 83.909 82.462 81.143 80 79.068 78.331 77.759 77.325 77 76.755 76.561 76.389 76.212 76 75.725 75.357 74.869 74.231
122 120.83 120.02 119.49 119.17 119 118.91 118.83 118.7 118.45 118 117.32 116.49 115.59 114.73 114 113.48 113.17 113 112.96 113 113.09 113.23 113.42 113.68 114 114.39 114.82 115.25 115.66 116 116.25 116.39 116.4 116.28 116 115.55 114.94 114.14 113.16 112 110.65 109.15 107.51 105.79 104 102.18 100.35 98.529 96.739 95 93.326 91.706 90.122 88.56 87 85.438 83.909 82.462 81.143 80 79.068 78.331 77.759 77.325 77 76.755 76.561 76.389 76.212 76 75.725 75.357 74.869 74.231
122 120.83 120.02 119.49 119.17 119 118.91 118.83 118.7 118.45 118 117.32 116.49 115.59 114.73 114 113.48 113.17 113 112.96 113 113.09 113.23 113.42 113.68 114 114.39 114.82 115.25 115.66 116 116.25 116.39 116.4 116.28 116 115.55 114.94 114.14 113.16 112 110.65 109.15 107.51 105.79 104 102.18 100.35 98.529 96.739 95 93.326 91.706 90.122 88.56 87 85.438 83.909 82.462 81.143 80 79.068 78.331 77.759 77.325 77 76.755 76.561 76.389 76.212 76 75.725 75.357 74.869 74.231
122 120.83 120.02 119.49 119.17 119 118.91 118.83 118.7 118.45 118 117.32 116.49 115.59 114.73 114 113.48 113.17 113 112.96 113 113.09 113.23 113.42 113.68 114 114.39 114.82 115.25 115.66 116 116.25 116.39 116.4 116.28 116 115.55 114.94 114.14 113.16 112 110.65 109.15 107.51 105.79 104 102.18 100.35 98.529 96.739 95 93.326 91.706 90.122 88.56 87 85.438 83.909 82.462 81.143 80 79.068 78.331 77.759 77.325 77 76.755 76.561 76.389 76.212 76 75.725 75.357 74.869 74.231
122 120.83 120.02 119.49 119.17 119 118.91 118.83 118.7 118.45 118 117.32 116.49 115.59 114.73 114 113.48 113.17 113 112.96 113 113.09 113.23 113.42 113.68 114 114.39 114.82 115.25 115.66 116 116.25 116.39 116.4 116.28 116 115.55 114.94 114.14 113.16 112 110.65 109.15 107.51 105.79 104 102.18 100.35 98.529 96.739 95 93.326 91.706 90.122 88.56 87 85.438 83.909 82.462 81.143 80 79.068 78.331 77.759 77.325 77 76.755 76.561 76.389 76.212 76 75.725 75.357 74.869 74.231
122 120.83 120.02 119.49 119.17 119 118.91 118.83 118.7 118.45 118 117.32 116.49 115.59 114.73 114 113.48 113.17 113 112.96 113 113.09 113.23 113.42 113.68 114 114.39 114.82 115.25 115.66 116 116.25 116.39 116.4 116.28 116 115.55 114.94 114.14 113.16 112 110.65 109.15 107.51 105.79 104 102.18 100.35 98.529 96.739 95 93.326 91.706 90.122 88.56 87 85.438 83.909 82.462 81.143 80 79.068 78.331 77.759 77.325 77 76.755 76.561 76.389 76.212 76 75.725 75.357 74.869 74.231
122 120.83 120.02 119.49 119.17 119 118.91 118.83 118.7 118.45 118 117.32 116.49 115.59 114.73 114 113.48 113.17 113 112.96 113 113.09 113.23 113.42 113.68 114 114.39 114.82 115.25 115.66 116 116.25 116.39 116.4 116.28 116 115.55 114.94 114.14 113.16 112 110.65 109.15 107.51 105.79 104 102.18 100.35 98.529 96.739 95 93.326 91.706 90.122 88.56 87 85.438 83.909 82.462 81.143 80 79.068 78.331 77.759 77.325 77 76.755 76.561 76.389 76.212 76 75.725 75.357 74.869 74.231
122 120.83 120.02 119.49 119.17 119 118.91 118.83 118.7 118.45 118 117.32 116.49 115.59 114.73 114 113.48 113.17 113 112.96 113 113.09 113.23 113.42 113.68 114 114.39 114.82 115.25 115.66 116 116.25 116.39 116.4 116.28 116 115.55 114.94 114.14 113.16 112 110.65 109.15 107.51 105.79 104 102.18 100.35 98.529 96.739 95 93.326 91.706 90.122 88.56 87 85.438 83.909 82.462 81.143 80 79.068 78.331 77.759 77.325 77 76.755 76.561 76.389 76.212 76 75.725 75.357 74.869 74.231
122 120.83 120.02 119.49 119.17 119 118.91 118.83 118.7 118.45 118 117.32 116.49 115.59 114.73 114 113.48 113.17 113 112.96 113 113.09 113.23 113.42 113.68 114 114.39 114.82 115.25 115.66 116 116.25 116.39 116.4 116.28 116 115.55 114.94 114.14 113.16 112 110.65 109.15 107.51 105.79 104 102.18 100.35 98.529 96.739 95 93.326 91.706 90.122 88.56 87 85.438 83.909 82.462 81.143 80 79.068 78.331 77.759 77.325 77 76.755 76.561 76.389 76.212 76 75.725 75.357 74.869 74.231
122 120.83 120.02 119.49 119.17 119 118.91 118.83 118.7 118.45 118 117.32 116.49 115.59 114.73 114 113.48 113.17 113 112.96 113 113.09 113.23 113.42 113.68 114 114.39 114.82 115.25 115.66 116 116.25 116.39 116.4 116.28 116 115.55 114.94 114.14 113.16 112 110.65 109.15 107.51 105.79 104 102.18 100.35 98.529 96.739 95 93.326 91.706 90.122 88.56 87 85.438 83.909 82.462 81.143 80 79.068 78.331 77.759 77.325 77 76.755 76.561 76.389 76.212 76 75.725 75.357 74.869 74.231
122 120.83 120.02 119.49 119.17 119 118.91 118.83 118.7 118.45 118 117.32 116.49 115.59 114.73 114 113.48 113.17 113 112.96 113 113.09 113.23 113.42 113.68 114 114.39 114.82 115.25 115.66 116 116.25 116.39 116.4 116.28 116 115.55 114.94 114.14 113.16 112 110.65 109.15 107.51 105.79 104 102.18 100.35 98.529 96.739 95 93.326 91.706 90.122 88.56 87 85.438 83.909 82.462 81.143 80 79.068 78.331 77.759 77.325 77 76.755 76.561 76.389 76.212 76 75.725 75.357 74.869 74.231
122 120.83 120.02 119.49 119.17 119 118.91 118.83 118.7 118.45 118 117.32 116.49 115.59 114.73 114 113.48 113.17 113 112.96 113 113.09 113.23 113.42 113.68 114 114.39 114.82 115.25 115.66 116 116.25 116.39 116.4 116.28 116 115.55 114.94 114.14 113.16 112 110.65 109.15 107.51 105.79 104 102.18 100.35 98.529 96.739 95 93.326 91.706 90.122 88.56 87 85.438 83.909 82.462 81.143 80 79.068 78.331 77.759 77.325 77 76.755 76.561 76.389 76.212 76 75.725 75.357 74.869 74.231
122 120.83 120.02 119.49 119.17 119 118.91 118.83 118.7 118.45 118 117.32 116.49 115.59 114.73 114 113.48 113.17 113 112.96 113 113.09 113.23 113.42 113.68 114 114.39 114.82 115.25 115.66 116 116.25 116.39 116.4 116.28 116 115.55 114.94 114.14 113.16 112 110.65 109.15 107.51 105.79 104 102.18 100.35 98.529 96.739 95 93.326 91.706 90.122 88.56 87 85.438 83.909 82.462 81.143 80 79.068 78.331 77.759 77.325 77 76.755 76.561 76.389 76.212 76 75.725 75.357 74.869 74.231
122 120.83 120.02 119.49 119.17 119 118.91 118.83 118.7 118.45 118 117.32 116.49 115.59 114.73 114 113.48 113.17 113 112.96 113 113.09 113.23 113.42 113.68 114 114.39 114.82 115.25 115.66 116 116.25 116.39 116.4 116.28 116 115.55 114.94 114.14 113.16 112 110.65 109.15 107.51 105.79 104 102.18 100.35 98.529 96.739 95 93.326 91.706 90.122 88.56 87 85.438 83.909 82.462 81.143 80 79.068 78.331 77.759 77.325 77 76.755 76.561 76.389 76.212 76 75.725 75.357 74.869 74.231
122 120.83 120.02 119.49 119.17 119 118.91 118.83 118.7 118.45 118 117.32 116.49 115.59 114.73 114 113.48 113.17 113 112.96 113 113.09 113.23 113.42 113.68 114 114.39 114.82 115.25 115.66 116 116.25 116.39 116.4 116.28 116 115.55 114.94 114.14 113.16 112 110.65 109.15 107.51 105.79 104 102.18 100.35 98.529 96.739 95 93.326 91.706 90.122 88.56 87 85.438 83.909 82.462 81.143 80 79.068 78.331 77.759 77.325 77 76.755 76.561 76.389 76.212 76 75.725 75.357 74.869 74.231
122 120.83 120.02 119.49 119.17 119 118.91 118.83 118.7 118.45 118 117.32 116.49 115.59 114.73 114 113.48 113.17 113 112.96 113 113.09 113.23 113.42 113.68 114 114.39 114.82 115.25 115.66 116 116.25 116.39 116.4 116.28 116 115.55 114.94 114.14 113.16 112 110.65 109.15 107.51 105.79 104 102.18 100.35 98.529 96.739 95 93.326 91.706 90.122 88.56 87 85.438 83.909 82.462 81.143 80 79.068 78.331 77.759 77.325 77 76.755 76.561 76.389 76.212 76 75.725 75.357 74.869 74.231
122 120.83 120.02 119.49 119.17 119 118.91 118.83 118.7 118.45 118 117.32 116.49 115.59 114.73 114 113.48 113.17 113 112.96 113 113.09 113.23 113.42 113.68 114 114.39 114.82 115.25 115.66 116 116.25 116.39 116.4 116.28 116 115.55 114.94 114.14 113.16 112 110.65 109.15 107.51 105.79 104 102.18 100.35 98.529 96.739 95 93.326 91.706 90.122 88.56 87 85.438 83.909 82.462 81.143 80 79.068 78.331 77.759 77.325 77 76.755 76.561 76.389 76.212 76 75.725 75.357 74.869 74.231
122 120.83 120.02 119.49 119.17 119 118.91 118.83 118.7 118.45 118 117.32 116.49 115.59 114.73 114 113.48 113.17 113 112.96 113 113.09 113.23 113.42 113.68 114 114.39 114.82 115.25 115.66 116 116.25 116.39 116.4 116.28 116 115.55 114.94 114.14 113.16 112 110.65 109.15 107.51 105.79 104 102.18 100.35 98.529 96.739 95 93.326 91.706 90.122 88.56 87 85.438 83.909 82.462 81.143 80 79.068 78.331 77.759 77.325 77 76.755 76.561 76.389 76.212 76 75.725 75.357 74.869 74.231
122 120.83 120.02 119.49 119.17 119 118.91 118.83 118.7 118.45 118 117.32 116.49 115.59 114.73 114 113.48 113.17 113 112.96 113 113.09 113.23 113.42 113.68 114 114.39 114.82 115.25 115.66 116 116.25 116.39 116.4 116.28 116 115.55 114.94 114.14 113.16 112 110.65 109.15 107.51 105.79 104 102.18 100.35 98.529 96.739 95 93.326 91.706 90.122 88.56 87 85.438 83.909 82.462 81.143 80 79.068 78.331 77.759 77.325 77 76.755 76.561 76.389 76.212 76 75.725 75.357 74.869 74.231
122 120.83 120.02 119.49 119.17 119 118.91 118.83 118.7 118.45 118 117.32 116.49 115.59 114.73 114 113.48 113.17 113 112.96 113 113.09 113.23 113.42 113.68 114 114.39 114.82 115.25 115.66 116 116.25 116.39 116.4 116.28 116 115.55 114.94 114.14 113.16 112 110.65 109.15 107.51 105.79 104 102.18 100.35 98.529 96.739 95 93.326 91.706 90.122 88.56 87 85.438 83.909 82.462 81.143 80 79.068 78.331 77.759 77.325 77 76.755 76.561 76.389 76.212 76 75.725 75.357 74.869 74.231
122 120.83 120.02 119.49 119.17 119 118.91 118.83 118.7 118.45 118 117.32 116.49 115.59 114.73 114 113.48 113.17 113 112.96 113 113.09 113.23 113.42 113.68 114 114.39 114.82 115.25 115.66 116 116.25 116.39 116.4 116.28 116 115.55 114.94 114.14 113.16 112 110.65 109.15 107.51 105.79 104 102.18 100.35 98.529 96.739 95 93.326 91.706 90.122 88.56 87 85.438 83.909 82.462 81.143 80 79.068 78.331 77.759 77.325 77 76.755 76.561 76.389 76.212 76 75.725 75.357 74.869 74.231
122 120.83 120.02 119.49 119.17 119 118.91 118.83 118.7 118.45 118 117.32 116.49 115.59 114.73 114 113.48 113.17 113 112.96 113 113.09 113.23 113.42 113.68 114 114.39 114.82 115.25 115.66 116 116.25 116.39 116.4 116.28 116 115.55 114.94 114.14 113.16 112 110.65 109.15 107.51 105.79 104 102.18 100.35 98.529 96.739 95 93.326 91.706 90.122 88.56 87 85.438 83.909 82.462 81.143 80 79.068 78.331 77.759 77.325 77 76.755 76.561 76.389 76.212 76 75.725 75.357 74.869 74.231
122 120.83 120.02 119.49 119.17 119 118.91 118.83 118.7 118.45 118 117.32 116.49 115.59 114.73 114 113.48 113.17 113 112.96 113 113.09 113.23 113.42 113.68 114 114.39 114.82 115.25 115.66 116 116.25 116.39 116.4 116.28 116 115.55 114.94 114.14 113.16 112 110.65 109.15 107.51 105.79 104 102.18 100.35 98.529 96.739 95 93.326 91.706 90.122 88.56 87 85.438 83.909 82.462 81.143 80 79.068 78.331 77.759 77.325 77 76.755 76.561 76.389 76.212 76 75.725 75.357 74.869 74.231
122 120.83 120.02 119.49 119.17 119 118.91 118.83 118.7 118.45 118 117.32 116.49 115.59 114.73 114 113.48 113.17 113 112.96 113 113.09 113.23 113.42 113.68 114 114.39 114.82 115.25 115.66 116 116.25 116.39 116.4 116.28 116 115.55 114.94 114.14 113.16 112 110.65 109.15 107.51 105.79 104 102.18 100.35 98.529 96.739 95 93.326 91.706 90.122 88.56 87 85.438 83.909 82.462 81.143 80 79.068 78.331 77.759 77.325 77 76.755 76.561 76.389 76.212 76 75.725 75.357 74.869 74.231
122 120.83 120.02 119.49 119.17 119 118.91 118.83 118.7 118.45 118 117.32 116.49 115.59 114.73 114 113.48 113.17 113 112.96 113 113.09 113.23 113.42 113.68 114 114.39 114.82 115.25 115.66 116 116.25 116.39 116.4 116.28 116 115.55 114.94 114.14 113.16 112 110.65 109.15 107.51 105.79 104 102.18 100.35 98.529 96.739 95 93.326 91.706 90.122 88.56 87 85.438 83.909 82.462 81.143 80 79.068 78.331 77.759 77.325 77 76.755 76.561 76.389 76.212 76 75.725 75.357 74.869 74.231
122 120.83 120.02 119.49 119.17 119 118.91 118.83 118.7 118.45 118 117.32 116.49 115.59 114.73 114 113.48 113.17 113 112.96 113 113.09 113.23 113.42 113.68 114 114.39 114.82 115.25 115.66 116 116.25 116.39 116.4 116.28 116 115.55 114.94 114.14 113.16 112 110.65 109.15 107.51 105.79 104 102.18 100.35 98.529 96.739 95 93.326 91.706 90.122 88.56 87 85.438 83.909 82.462 81.143 80 79.068 78.331 77.759 77.325 77 76.755 76.561 76.389 76.212 76 75.725 75.357 74.869 74.231
122 120.83 120.02 119.49 119.17 119 118.91 118.83 118.7 118.45 118 117.32 116.49 115.59 114.73 114 113.48 113.17 113 112.96 113 113.09 113.23 113.42 113.68 114 114.39 114.82 115.25 115.66 116 116.25 116.39 116.4 116.28 116 115.55 114.94 114.14 113.16 112 110.65 109.15 107.51 105.79 104 102.18 100.35 98.529 96.739 95 93.326 91.706 90.122 88.56 87 85.438 83.909 82.462 81.143 80 79.068 78.331 77.759 77.325 77 76.755 76.561 76.389 76.212 76 75.725 75.357 74.869 74.231
122 120.83 120.02 119.49 119.17 119 118.91 118.83 118.7 118.45 118 117.32 116.49 115.59 114.73 114 113.48 113.17 113 112.96 113 113.09 113.23 113.42 113.68 114 114.39 114.82 115.25 115.66 116 116.25 116.39 116.4 116.28 116 115.55 114.94 114.14 113.16 112 110.65 109.15 107.51 105.79 104 102.18 100.35 98.529 96.739 95 93.326 91.706 90.122 88.56 87 85.438 83.909 82.462 81.143 80 79.068 78.331 77.759 77.325 77 76.755 76.561 76.389 76.212 76 75.725 75.357 74.869 74.231
122 120.83 120.02 119.49 119.17 119 118.91 118.83 118.7 118.45 118 117.32 116.49 115.59 114.73 114 113.48 113.17 113 112.96 113 113.09 113.23 113.42 113.68 114 114.39 114.82 115.25 115.66 116 116.25 116.39 116.4 116.28 116 115.55 114.94 114.14 113.16 112 110.65 109.15 107.51 105.79 104 102.18 100.35 98.529 96.739 95 93.326 91.706 90.122 88.56 87 85.438 83.909 82.462 81.143 80 79.068 78.331 77.759 77.325 77 76.755 76.561 76.389 76.212 76 75.725 75.357 74.869 74.231
122 120.83 120.02 119.49 119.17 119 118.91 118.83 118.7 118.45 118 117.32 116.49 115.59 114.73 114 113.48 113.17 113 112.96 113 113.09 113.23 113.42 113.68 114 114.39 114.82 115.25 115.66 116 116.25 116.39 116.4 116.28 116 115.55 114.94 114.14 113.16 112 110.65 109.15 107.51 105.79 104 102.18 100.35 98.529 96.739 95 93.326 91.706 90.122 88.56 87 85.438 83.909 82.462 81.143 80 79.068 78.331 77.759 77.325 77 76.755 76.561 76.389 76.212 76 75.725 75.357 74.869 74.231
122 120.83 120.02 119.49 119.17 119 118.91 118.83 118.7 118.45 118 117.32 116.49 115.59 114.73 114 113.48 113.17 113 112.96 113 113.09 113.23 113.42 113.68 114 114.39 114.82 115.25 115.66 116 116.25 116.39 116.4 116.28 116 115.55 114.94 114.14 113.16 112 110.65 109.15 107.51 105.79 104 102.18 100.35 98.529 96.739 95 93.326 91.706 90.122 88.56 87 85.438 83.909 82.462 81.143 80 79.068 78.331 77.759 77.325 77 76.755 76.561 76.389 76.212 76 75.725 75.357 74.869 74.231
122 120.83 120.02 119.49 119.17 119 118.91 118.83 118.7 118.45 118 117.32 116.49 115.59 114.73 114 113.48 113.17 113 112.96 113 113.09 113.23 113.42 113.68 114 114.39 114.82 115.25 115.66 116 116.25 116.39 116.4 116.28 116 115.55 114.94 114.14 113.16 112 110.65 109.15 107.51 105.79 104 102.18 100.35 98.529 96.739 95 93.326 91.706 90.122 88.56 87 85.438 83.909 82.462 81.143 80 79.068 78.331 77.759 77.325 77 76.755 76.561 76.389 76.212 76 75.725 75.357 74.869 74.231
122 120.83 120.02 119.49 119.17 119 118.91 118.83 118.7 118.45 118 117.32 116.49 115.59 114.73 114 113.48 113.17 113 112.96 113 113.09 113.23 113.42 113.68 114 114.39 114.82 115.25 115.66 116 116.25 116.39 116.4 116.28 116 115.55 114.94 114.14 113.16 112 110.65 109.15 107.51 105.79 104 102.18 100.35 98.529 96.739 95 93.326 91.706 90.122 88.56 87 85.438 83.909 82.462 81.143 80 79.068 78.331 77.759 77.325 77 76.755 76.561 76.389 76.212 76 75.725 75.357 74.869 74.231
122 120.83 120.02 119.49 119.17 119 118.91 118.83 118.7 118.45 118 117.32 116.49 115.59 114.73 114 113.48 113.17 113 112.96 113 113.09 113.23 113.42 113.68 114 114.39 114.82 115.25 115.66 116 116.25 116.39 116.4 116.28 116 115.55 114.94 114.14 113.16 112 110.65 109.15 107.51 105.79 104 102.18 100.35 98.529 96.739 95 93.326 91.706 90.122 88.56 87 85.438 83.909 82.462 81.143 80 79.068 78.331 77.759 77.325 77 76.755 76.561 76.389 76.212 76 75.725 75.357 74.869 74.231
122 120.83 120.02 119.49 119.17 119 118.91 118.83 118.7 118.45 118 117.32 116.49 115.59 114.73 114 113.48 113.17 113 112.96 113 113.09 113.23 113.42 113.68 114 114.39 114.82 115.25 115.66 116 116.25 116.39 116.4 116.28 116 115.55 114.94 114.14 113.16 112 110.65 109.15 107.51 105.79 104 102.18 100.35 98.529 96.739 95 93.326 91.706 90.122 88.56 87 85.438 83.909 82.462 81.143 80 79.068 78.331 77.759 77.325 77 76.755 76.561 76.389 76.212 76 75.725 75.357 74.869 74.231
122 120.83 120.02 119.49 119.17 119 118.91 118.83 118.7 118.45 118 117.32 116.49 115.59 114.73 114 113.48 113.17 113 112.96 113 113.09 113.23 113.42 113.68 114 114.39 114.82 115.25 115.66 116 116.25 116.39 116.4 116.28 116 115.55 114.94 114.14 113.16 112 110.65 109.15 107.51 105.79 104 102.18 100.35 98.529 96.739 95 93.326 91.706 90.122 88.56 87 85.438 83.909 82.462 81.143 80 79.068 78.331 77.759 77.325 77 76.755 76.561 76.389 76.212 76 75.725 75.357 74.869 74.231
122 120.83 120.02 119.49 119.17 119 118.91 118.83 118.7 118.45 118 117.32 116.49 115.59 114.73 114 113.48 113.17 113 112.96 113 113.09 113.23 113.42 113.68 114 114.39 114.82 115.25 115.66 116 116.25 116.39 116.4 116.28 116 115.55 114.94 114.14 113.16 112 110.65 109.15 107.51 105.79 104 102.18 100.35 98.529 96.739 95 93.326 91.706 90.122 88.56 87 85.438 83.909 82.462 81.143 80 79.068 78.331 77.759 77.325 77 76.755 76.561 76.389 76.212 76 75.725 75.357 74.869 74.231
122 120.83 120.02 119.49 119.17 119 118.91 118.83 118.7 118.45 118 117.32 116.49 115.59 114.73 114 113.48 113.17 113 112.96 113 113.09 113.23 113.42 113.68 114 114.39 114.82 115.25 115.66 116 116.25 116.39 116.4 116.28 116 115.55 114.94 114.14 113.16 112 110.65 109.15 107.51 105.79 104 102.18 100.35 98.529 96.739 95 93.326 91.706 90.122 88.56 87 85.438 83.909 82.462 81.143 80 79.068 78.331 77.759 77.325 77 76.755 76.561 76.389 76.212 76 75.725 75.357 74.869 74.231
122 120.83 120.02 119.49 119.17 119 118.91 118.83 118.7 118.45 118 117.32 116.49 115.59 114.73 114 113.48 113.17 113 112.96 113 113.09 113.23 113.42 113.68 114 114.39 114.82 115.25 115.66 116 116.25 116.39 116.4 116.28 116 115.55 114.94 114.14 113.16 112 110.65 109.15 107.51 105.79 104 102.18 100.35 98.529 96.739 95 93.326 91.706 90.122 88.56 87 85.438 83.909 82.462 81.143 80 79.068 78.331 77.759 77.325 77 76.755 76.561 76.389 76.212 76 75.725 75.357 74.869 74.231
122 120.83 120.02 119.49 119.17 119 118.91 118.83 118.7 118.45 118 117.32 116.49 115.59 114.73 114 113.48 113.17 113 112.96 113 113.09 113.23 113.42 113.68 114 114.39 114.82 115.25 115.66 116 116.25 116.39 116.4 116.28 116 115.55 114.94 114.14 113.16 112 110.65 109.15 107.51 105.79 104 102.18 100.35 98.529 96.739 95 93.326 91.706 90.122 88.56 87 85.438 83.909 82.462 81.143 80 79.068 78.331 77.759 77.325 77 76.755 76.561 76.389 76.212 76 75.725 75.357 74.869 74.231
122 120.83 120.02 119.49 119.17 119 118.91 118.83 118.7 118.45 118 117.32 116.49 115.59 114.73 114 113.48 113.17 113 112.96 113 113.09 113.23 113.42 113.68 114 114.39 114.82 115.25 115.66 116 116.25 116.39 116.4 116.28 116 115.55 114.94 114.14 113.16 112 110.65 109.15 107.51 105.79 104 102.18 100.35 98.529 96.739 95 93.326 91.706 90.122 88.56 87 85.438 83.909 82.462 81.143 80 79.068 78.331 77.759 77.325 77 76.755 76.561 76.389 76.212 76 75.725 75.357 74.869 74.231
122 120.83 120.02 119.49 119.17 119 118.91 118.83 118.7 118.45 118 117.32 116.49 115.59 114.73 114 113.48 113.17 113 112.96 113 113.09 113.23 113.42 113.68 114 114.39 114.82 115.25 115.66 116 116.25 116.39 116.4 116.28 116 115.55 114.94 114.14 113.16 112 110.65 109.15 107.51 105.79 104 102.18 100.35 98.529 96.739 95 93.326 91.706 90.122 88.56 87 85.438 83.909 82.462 81.143 80 79.068 78.331 77.759 77.325 77 76.755 76.561 76.389 76.212 76 75.725 75.357 74.869 74.231
