91 85.237 81.276 78.897 77.878 78 79.042 80.783 83.004 85.483 88 90.371 92.558 94.56 96.374 98 99.425 100.6 101.46 101.95 102 101.59 100.84 99.888 98.892 98 97.343 96.978 96.941 97.269 98 99.155 100.69 102.55 104.67 107 109.48 112.06 114.7 117.36 120 122.58 125.13 127.7 130.31 133 135.81 138.73 141.74 144.84 148 151.21 154.44 157.67 160.87 164 167.05 170.04 173.01 175.99 179 182.07 185.16 188.22 191.18 194 196.62 198.98 201.04 202.73 204 204.8 205.07 204.76 203.82
91 85.237 81.276 78.897 77.878 78 79.042 80.783 83.004 85.483 88 90.371 92.558 94.56 96.374 98 99.425 100.6 101.46 101.95 102 101.59 100.84 99.888 98.892 98 97.343 96.978 96.941 97.269 98 99.155 100.69 102.55 104.67 107 109.48 112.06 114.7 117.36 120 122.58 125.13 127.7 130.31 133 135.81 138.73 141.74 144.84 148 151.21 154.44 157.67 160.87 164 167.05 170.04 173.01 175.99 179 182.07 185.16 188.22 191.18 194 196.62 198.98 201.04 202.73 204 204.8 205.07 204.76 203.82
91 85.237 81.276 78.897 77.878 78 79.042 80.783 83.004 85.483 88 90.371 92.558 94.56 96.374 98 99.425 100.6 101.46 101.95 102 101.59 100.84 99.888 98.892 98 97.343 96.978 96.941 97.269 98 99.155 100.69 102.55 104.67 107 109.48 112.06 114.7 117.36 120 122.58 125.13 127.7 130.31 133 135.81 138.73 141.74 144.84 148 151.21 154.44 157.67 160.87 164 167.05 170.04 173.01 175.99 179 182.07 185.16 188.22 191.18 194 196.62 198.98 201.04 202.73 204 204.8 205.07 204.76 203.82
91 85.237 81.276 78.897 77.878 78 79.042 80.783 83.004 85.483 88 90.371 92.558 94.56 96.374 98 99.425 100.6 101.46 101.95 102 101.59 100.84 99.888 98.892 98 97.343 96.978 96.941 97.269 98 99.155 100.69 102.55 104.67 107 109.48 112.06 114.7 117.36 120 122.58 125.13 127.7 130.31 133 135.81 138.73 141.74 144.84 148 151.21 154.44 157.67 160.87 164 167.05 170.04 173.01 175.99 179 182.07 185.16 188.22 191.18 194 196.62 198.98 201.04 202.73 204 204.8 205.07 204.76 203.82
91 85.237 81.276 78.897 77.878 78 79.042 80.783 83.004 85.483 88 90.371 92.558 94.56 96.374 98 99.425 100.6 101.46 101.95 102 101.59 100.84 99.888 98.892 98 97.343 96.978 96.941 97.269 98 99.155 100.69 102.55 104.67 107 109.48 112.06 114.7 117.36 120 122.58 125.13 127.7 130.31 133 135.81 138.73 141.74 144.84 148 151.21 154.44 157.67 160.87 164 167.05 170.04 173.01 175.99 179 182.07 185.16 188.22 191.18 194 196.62 198.98 201.04 202.73 204 204.8 205.07 204.76 203.82
91 85.237 81.276 78.897 77.878 78 79.042 80.783 83.004 85.483 88 90.371 92.558 94.56 96.374 98 99.425 100.6 101.46 101.95 102 101.59 100.84 99.888 98.892 98 97.343 96.978 96.941 97.269 98 99.155 100.69 102.55 104.67 107 109.48 112.06 114.7 117.36 120 122.58 125.13 127.7 130.31 133 135.81 138.73 141.74 144.84 148 151.21 154.44 157.67 160.87 164 167.05 170.04 173.01 175.99 179 182.07 185.16 188.22 191.18 194 196.62 198.98 201.04 202.73 204 204.8 205.07 204.76 203.82
91 85.237 81.276 78.897 77.878 78 79.042 80.783 83.004 85.483 88 90.371 92.558 94.56 96.374 98 99.425 100.6 101.46 101.95 102 101.59 100.84 99.888 98.892 98 97.343 96.978 96.941 97.269 98 99.155 100.69 102.55 104.67 107 109.48 112.06 114.7 117.36 120 122.58 125.13 127.7 130.31 133 135.81 138.73 141.74 144.84 148 151.21 154.44 157.67 160.87 164 167.05 170.04 173.01 175.99 179 182.07 185.16 188.22 191.18 194 196.62 198.98 201.04 202.73 204 204.8 205.07 204.76 203.82
91 85.237 81.276 78.897 77.878 78 79.042 80.783 83.004 85.483 88 90.371 92.558 94.56 96.374 98 99.425 100.6 101.46 101.95 102 101.59 100.84 99.888 98.892 98 97.343 96.978 96.941 97.269 98 99.155 100.69 102.55 104.67 107 109.48 112.06 114.7 117.36 120 122.58 125.13 127.7 130.31 133 135.81 138.73 141.74 144.84 148 151.21 154.44 157.67 160.87 164 167.05 170.04 173.01 175.99 179 182.07 185.16 188.22 191.18 194 196.62 198.98 201.04 202.73 204 204.8 205.07 204.76 203.82
91 85.237 81.276 78.897 77.878 78 79.042 80.783 83.004 85.483 88 90.371 92.558 94.56 96.374 98 99.425 100.6 101.46 101.95 102 101.59 100.84 99.888 98.892 98 97.343 96.978 96.941 97.269 98 99.155 100.69 102.55 104.67 107 109.48 112.06 114.7 117.36 120 122.58 125.13 127.7 130.31 133 135.81 138.73 141.74 144.84 148 151.21 154.44 157.67 160.87 164 167.05 170.04 173.01 175.99 179 182.07 185.16 188.22 191.18 194 196.62 198.98 201.04 202.73 204 204.8 205.07 204.76 203.82
91 85.237 81.276 78.897 77.878 78 79.042 80.783 83.004 85.483 88 90.371 92.558 94.56 96.374 98 99.425 100.6 101.46 101.95 102 101.59 100.84 99.888 98.892 98 97.343 96.978 96.941 97.269 98 99.155 100.69 102.55 104.67 107 109.48 112.06 114.7 117.36 120 122.58 125.13 127.7 130.31 133 135.81 138.73 141.74 144.84 148 151.21 154.44 157.67 160.87 164 167.05 170.04 173.01 175.99 179 182.07 185.16 188.22 191.18 194 196.62 198.98 201.04 202.73 204 204.8 205.07 204.76 203.82
91 85.237 81.276 78.897 77.878 78 79.042 80.783 83.004 85.483 88 90.371 92.558 94.56 96.374 98 99.425 100.6 101.46 101.95 102 101.59 100.84 99.888 98.892 98 97.343 96.978 96.941 97.269 98 99.155 100.69 102.55 104.67 107 109.48 112.06 114.7 117.36 120 122.58 125.13 127.7 130.31 133 135.81 138.73 141.74 144.84 148 151.21 154.44 157.67 160.87 164 167.05 170.04 173.01 175.99 179 182.07 185.16 188.22 191.18 194 196.62 198.98 201.04 202.73 204 204.8 205.07 204.76 203.82
91 85.237 81.276 78.897 77.878 78 79.042 80.783 83.004 85.483 88 90.371 92.558 94.56 96.374 98 99.425 100.6 101.46 101.95 102 101.59 100.84 99.888 98.892 98 97.343 96.978 96.941 97.269 98 99.155 100.69 102.55 104.67 107 109.48 112.06 114.7 117.36 120 122.58 125.13 127.7 130.31 133 135.81 138.73 141.74 144.84 148 151.21 154.44 157.67 160.87 164 167.05 170.04 173.01 175.99 179 182.07 185.16 188.22 191.18 194 196.62 198.98 201.04 202.73 204 204.8 205.07 204.76 203.82
91 85.237 81.276 78.897 77.878 78 79.042 80.783 83.004 85.483 88 90.371 92.558 94.56 96.374 98 99.425 100.6 101.46 101.95 102 101.59 100.84 99.888 98.892 98 97.343 96.978 96.941 97.269 98 99.155 100.69 102.55 104.67 107 109.48 112.06 114.7 117.36 120 122.58 125.13 127.7 130.31 133 135.81 138.73 141.74 144.84 148 151.21 154.44 157.67 160.87 164 167.05 170.04 173.01 175.99 179 182.07 185.16 188.22 191.18 194 196.62 198.98 201.04 202.73 204 204.8 205.07 204.76 203.82
91 85.237 81.276 78.897 77.878 78 79.042 80.783 83.004 85.483 88 90.371 92.558 94.56 96.374 98 99.425 100.6 101.46 101.95 102 101.59 100.84 99.888 98.892 98 97.343 96.978 96.941 97.269 98 99.155 100.69 102.55 104.67 107 109.48 112.06 114.7 117.36 120 122.58 125.13 127.7 130.31 133 135.81 138.73 141.74 144.84 148 151.21 154.44 157.67 160.87 164 167.05 170.04 173.01 175.99 179 182.07 185.16 188.22 191.18 194 196.62 198.98 201.04 202.73 204 204.8 205.07 204.76 203.82
91 85.237 81.276 78.897 77.878 78 79.042 80.783 83.004 85.483 88 90.371 92.558 94.56 96.374 98 99.425 100.6 101.46 101.95 102 101.59 100.84 99.888 98.892 98 97.343 96.978 96.941 97.269 98 99.155 100.69 102.55 104.67 107 109.48 112.06 114.7 117.36 120 122.58 125.13 127.7 130.31 133 135.81 138.73 141.74 144.84 148 151.21 154.44 157.67 160.87 164 167.05 170.04 173.01 175.99 179 182.07 185.16 188.22 191.18 194 196.62 198.98 201.04 202.73 204 204.8 205.07 204.76 203.82
91 85.237 81.276 78.897 77.878 78 79.042 80.783 83.004 85.483 88 90.371 92.558 94.56 96.374 98 99.425 100.6 101.46 101.95 102 101.59 100.84 99.888 98.892 98 97.343 96.978 96.941 97.269 98 99.155 100.69 102.55 104.67 107 109.48 112.06 114.7 117.36 120 122.58 125.13 127.7 130.31 133 135.81 138.73 141.74 144.84 148 151.21 154.44 157.67 160.87 164 167.05 170.04 173.01 175.99 179 182.07 185.16 188.22 191.18 194 196.62 198.98 201.04 202.73 204 204.8 205.07 204.76 203.82
91 85.237 81.276 78.897 77.878 78 79.042 80.783 83.004 85.483 88 90.371 92.558 94.56 96.374 98 99.425 100.6 101.46 101.95 102 101.59 100.84 99.888 98.892 98 97.343 96.978 96.941 97.269 98 99.155 100.69 102.55 104.67 107 109.48 112.06 114.7 117.36 120 122.58 125.13 127.7 130.31 133 135.81 138.73 141.74 144.84 148 151.21 154.44 157.67 160.87 164 167.05 170.04 173.01 175.99 179 182.07 185.16 188.22 191.18 194 196.62 198.98 201.04 202.73 204 204.8 205.07 204.76 203.82
91 85.237 81.276 78.897 77.878 78 79.042 80.783 83.004 85.483 88 90.371 92.558 94.56 96.374 98 99.425 100.6 101.46 101.95 102 101.59 100.84 99.888 98.892 98 97.343 96.978 96.941 97.269 98 99.155 100.69 102.55 104.67 107 109.48 112.06 114.7 117.36 120 122.58 125.13 127.7 130.31 133 135.81 138.73 141.74 144.84 148 151.21 154.44 157.67 160.87 164 167.05 170.04 173.01 175.99 179 182.07 185.16 188.22 191.18 194 196.62 198.98 201.04 202.73 204 204.8 205.07 204.76 203.82
91 85.237 81.276 78.897 77.878 78 79.042 80.783 83.004 85.483 88 90.371 92.558 94.56 96.374 98 99.425 100.6 101.46 101.95 102 101.59 100.84 99.888 98.892 98 97.343 96.978 96.941 97.269 98 99.155 100.69 102.55 104.67 107 109.48 112.06 114.7 117.36 120 122.58 125.13 127.7 130.31 133 135.81 138.73 141.74 144.84 148 151.21 154.44 157.67 160.87 164 167.05 170.04 173.01 175.99 179 182.07 185.16 188.22 191.18 194 196.62 198.98 201.04 202.73 204 204.8 205.07 204.76 203.82
91 85.237 81.276 78.897 77.878 78 79.042 80.783 83.004 85.483 88 90.371 92.558 94.56 96.374 98 99.425 100.6 101.46 101.95 102 101.59 100.84 99.888 98.892 98 97.343 96.978 96.941 97.269 98 99.155 100.69 102.55 104.67 107 109.48 112.06 114.7 117.36 120 122.58 125.13 127.7 130.31 133 135.81 138.73 141.74 144.84 148 151.21 154.44 157.67 160.87 164 167.05 170.04 173.01 175.99 179 182.07 185.16 188.22 191.18 194 196.62 198.98 201.04 202.73 204 204.8 205.07 204.76 203.82
91 85.237 81.276 78.897 77.878 78 79.042 80.783 83.004 85.483 88 90.371 92.558 94.56 96.374 98 99.425 100.6 101.46 101.95 102 101.59 100.84 99.888 98.892 98 97.343 96.978 96.941 97.269 98 99.155 100.69 102.55 104.67 107 109.48 112.06 114.7 117.36 120 122.58 125.13 127.7 130.31 133 135.81 138.73 141.74 144.84 148 151.21 154.44 157.67 160.87 164 167.05 170.04 173.01 175.99 179 182.07 185.16 188.22 191.18 194 196.62 198.98 201.04 202.73 204 204.8 205.07 204.76 203.82
91 85.237 81.276 78.897 77.878 78 79.042 80.783 83.004 85.483 88 90.371 92.558 94.56 96.374 98 99.425 100.6 101.46 101.95 102 101.59 100.84 99.888 98.892 98 97.343 96.978 96.941 97.269 98 99.155 100.69 102.55 104.67 107 109.48 112.06 114.7 117.36 120 122.58 125.13 127.7 130.31 133 135.81 138.73 141.74 144.84 148 151.21 154.44 157.67 160.87 164 167.05 170.04 173.01 175.99 179 182.07 185.16 188.22 191.18 194 196.62 198.98 201.04 202.73 204 204.8 205.07 204.76 203.82
91 85.237 81.276 78.897 77.878 78 79.042 80.783 83.004 85.483 88 90.371 92.558 94.56 96.374 98 99.425 100.6 101.46 101.95 102 101.59 100.84 99.888 98.892 98 97.343 96.978 96.941 97.269 98 99.155 100.69 102.55 104.67 107 109.48 112.06 114.7 117.36 120 122.58 125.13 127.7 130.31 133 135.81 138.73 141.74 144.84 148 151.21 154.44 157.67 160.87 164 167.05 170.04 173.01 175.99 179 182.07 185.16 188.22 191.18 194 196.62 198.98 201.04 202.73 204 204.8 205.07 204.76 203.82
91 85.237 81.276 78.897 77.878 78 79.042 80.783 83.004 85.483 88 90.371 92.558 94.56 96.374 98 99.425 100.6 101.46 101.95 102 101.59 100.84 99.888 98.892 98 97.343 96.978 96.941 97.269 98 99.155 100.69 102.55 104.67 107 109.48 112.06 114.7 117.36 120 122.58 125.13 127.7 130.31 133 135.81 138.73 141.74 144.84 148 151.21 154.44 157.67 160.87 164 167.05 170.04 173.01 175.99 179 182.07 185.16 188.22 191.18 194 196.62 198.98 201.04 202.73 204 204.8 205.07 204.76 203.82
91 85.237 81.276 78.897 77.878 78 79.042 80.783 83.004 85.483 88 90.371 92.558 94.56 96.374 98 99.425 100.6 101.46 101.95 102 101.59 100.84 99.888 98.892 98 97.343 96.978 96.941 97.269 98 99.155 100.69 102.55 104.67 107 109.48 112.06 114.7 117.36 120 122.58 125.13 127.7 130.31 133 135.81 138.73 141.74 144.84 148 151.21 154.44 157.67 160.87 164 167.05 170.04 173.01 175.99 179 182.07 185.16 188.22 191.18 194 196.62 198.98 201.04 202.73 204 204.8 205.07 204.76 203.82
91 85.237 81.276 78.897 77.878 78 79.042 80.783 83.004 85.483 88 90.371 92.558 94.56 96.374 98 99.425 100.6 101.46 101.95 102 101.59 100.84 99.888 98.892 98 97.343 96.978 96.941 97.269 98 99.155 100.69 102.55 104.67 107 109.48 112.06 114.7 117.36 120 122.58 125.13 127.7 130.31 133 135.81 138.73 141.74 144.84 148 151.21 154.44 157.67 160.87 164 167.05 170.04 173.01 175.99 179 182.07 185.16 188.22 191.18 194 196.62 198.98 201.04 202.73 204 204.8 205.07 204.76 203.82
91 85.237 81.276 78.897 77.878 78 79.042 80.783 83.004 85.483 88 90.371 92.558 94.56 96.374 98 99.425 100.6 101.46 101.95 102 101.59 100.84 99.888 98.892 98 97.343 96.978 96.941 97.269 98 99.155 100.69 102.55 104.67 107 109.48 112.06 114.7 117.36 120 122.58 125.13 127.7 130.31 133 135.81 138.73 141.74 144.84 148 151.21 154.44 157.67 160.87 164 167.05 170.04 173.01 175.99 179 182.07 185.16 188.22 191.18 194 196.62 198.98 201.04 202.73 204 204.8 205.07 204.76 203.82
91 85.237 81.276 78.897 77.878 78 79.042 80.783 83.004 85.483 88 90.371 92.558 94.56 96.374 98 99.425 100.6 101.46 101.95 102 101.59 100.84 99.888 98.892 98 97.343 96.978 96.941 97.269 98 99.155 100.69 102.55 104.67 107 109.48 112.06 114.7 117.36 120 122.58 125.13 127.7 130.31 133 135.81 138.73 141.74 144.84 148 151.21 154.44 157.67 160.87 164 167.05 170.04 173.01 175.99 179 182.07 185.16 188.22 191.18 194 196.62 198.98 201.04 202.73 204 204.8 205.07 204.76 203.82
91 85.237 81.276 78.897 77.878 78 79.042 80.783 83.004 85.483 88 90.371 92.558 94.56 96.374 98 99.425 100.6 101.46 101.95 102 101.59 100.84 99.888 98.892 98 97.343 96.978 96.941 97.269 98 99.155 100.69 102.55 104.67 107 109.48 112.06 114.7 117.36 120 122.58 125.13 127.7 130.31 133 135.81 138.73 141.74 144.84 148 151.21 154.44 157.67 160.87 164 167.05 170.04 173.01 175.99 179 182.07 185.16 188.22 191.18 194 196.62 198.98 201.04 202.73 204 204.8 205.07 204.76 203.82
91 85.237 81.276 78.897 77.878 78 79.042 80.783 83.004 85.483 88 90.371 92.558 94.56 96.374 98 99.425 100.6 101.46 101.95 102 101.59 100.84 99.888 98.892 98 97.343 96.978 96.941 97.269 98 99.155 100.69 102.55 104.67 107 109.48 112.06 114.7 117.36 120 122.58 125.13 127.7 130.31 133 135.81 138.73 141.74 144.84 148 151.21 154.44 157.67 160.87 164 167.05 170.04 173.01 175.99 179 182.07 185.16 188.22 191.18 194 196.62 198.98 201.04 202.73 204 204.8 205.07 204.76 203.82
91 85.237 81.276 78.897 77.878 78 79.042 80.783 83.004 85.483 88 90.371 92.558 94.56 96.374 98 99.425 100.6 101.46 101.95 102 101.59 100.84 99.888 98.892 98 97.343 96.978 96.941 97.269 98 99.155 100.69 102.55 104.67 107 109.48 112.06 114.7 117.36 120 122.58 125.13 127.7 130.31 133 135.81 138.73 141.74 144.84 148 151.21 154.44 157.67 160.87 164 167.05 170.04 173.01 175.99 179 182.07 185.16 188.22 191.18 194 196.62 198.98 201.04 202.73 204 204.8 205.07 204.76 203.82
91 85.237 81.276 78.897 77.878 78 79.042 80.783 83.004 85.483 88 90.371 92.558 94.56 96.374 98 99.425 100.6 101.46 101.95 102 101.59 100.84 99.888 98.892 98 97.343 96.978 96.941 97.269 98 99.155 100.69 102.55 104.67 107 109.48 112.06 114.7 117.36 120 122.58 125.13 127.7 130.31 133 135.81 138.73 141.74 144.84 148 151.21 154.44 157.67 160.87 164 167.05 170.04 173.01 175.99 179 182.07 185.16 188.22 191.18 194 196.62 198.98 201.04 202.73 204 204.8 205.07 204.76 203.82
91 85.237 81.276 78.897 77.878 78 79.042 80.783 83.004 85.483 88 90.371 92.558 94.56 96.374 98 99.425 100.6 101.46 101.95 102 101.59 100.84 99.888 98.892 98 97.343 96.978 96.941 97.269 98 99.155 100.69 102.55 104.67 107 109.48 112.06 114.7 117.36 120 122.58 125.13 127.7 130.31 133 135.81 138.73 141.74 144.84 148 151.21 154.44 157.67 160.87 164 167.05 170.04 173.01 175.99 179 182.07 185.16 188.22 191.18 194 196.62 198.98 201.04 202.73 204 204.8 205.07 204.76 203.82
91 85.237 81.276 78.897 77.878 78 79.042 80.783 83.004 85.483 88 90.371 92.558 94.56 96.374 98 99.425 100.6 101.46 101.95 102 101.59 100.84 99.888 98.892 98 97.343 96.978 96.941 97.269 98 99.155 100.69 102.55 104.67 107 109.48 112.06 114.7 117.36 120 122.58 125.13 127.7 130.31 133 135.81 138.73 141.74 144.84 148 151.21 154.44 157.67 160.87 164 167.05 170.04 173.01 175.99 179 182.07 185.16 188.22 191.18 194 196.62 198.98 201.04 202.73 204 204.8 205.07 204.76 203.82
91 85.237 81.276 78.897 77.878 78 79.042 80.783 83.004 85.483 88 90.371 92.558 94.56 96.374 98 99.425 100.6 101.46 101.95 102 101.59 100.84 99.888 98.892 98 97.343 96.978 96.941 97.269 98 99.155 100.69 102.55 104.67 107 109.48 112.06 114.7 117.36 120 122.58 125.13 127.7 130.31 133 135.81 138.73 141.74 144.84 148 151.21 154.44 157.67 160.87 164 167.05 170.04 173.01 175.99 179 182.07 185.16 188.22 191.18 194 196.62 198.98 201.04 202.73 204 204.8 205.07 204.76 203.82
91 85.237 81.276 78.897 77.878 78 79.042 80.783 83.004 85.483 88 90.371 92.558 94.56 96.374 98 99.425 100.6 101.46 101.95 102 101.59 100.84 99.888 98.892 98 97.343 96.978 96.941 97.269 98 99.155 100.69 102.55 104.67 107 109.48 112.06 114.7 117.36 120 122.58 125.13 127.7 130.31 133 135.81 138.73 141.74 144.84 148 151.21 154.44 157.67 160.87 164 167.05 170.04 173.01 175.99 179 182.07 185.16 188.22 191.18 194 196.62 198.98 201.04 202.73 204 204.8 205.07 204.76 203.82
91 85.237 81.276 78.897 77.878 78 79.042 80.783 83.004 85.483 88 90.371 92.558 94.56 96.374 98 99.425 100.6 101.46 101.95 102 101.59 100.84 99.888 98.892 98 97.343 96.978 96.941 97.269 98 99.155 100.69 102.55 104.67 107 109.48 112.06 114.7 117.36 120 122.58 125.13 127.7 130.31 133 135.81 138.73 141.74 144.84 148 151.21 154.44 157.67 160.87 164 167.05 170.04 173.01 175.99 179 182.07 185.16 188.22 191.18 194 196.62 198.98 201.04 202.73 204 204.8 205.07 204.76 203.82
91 85.237 81.276 78.897 77.878 78 79.042 80.783 83.004 85.483 88 90.371 92.558 94.56 96.374 98 99.425 100.6 101.46 101.95 102 101.59 100.84 99.888 98.892 98 97.343 96.978 96.941 97.269 98 99.155 100.69 102.55 104.67 107 109.48 112.06 114.7 117.36 120 122.58 125.13 127.7 130.31 133 135.81 138.73 141.74 144.84 148 151.21 154.44 157.67 160.87 164 167.05 170.04 173.01 175.99 179 182.07 185.16 188.22 191.18 194 196.62 198.98 201.04 202.73 204 204.8 205.07 204.76 203.82
91 85.237 81.276 78.897 77.878 78 79.042 80.783 83.004 85.483 88 90.371 92.558 94.56 96.374 98 99.425 100.6 101.46 101.95 102 101.59 100.84 99.888 98.892 98 97.343 96.978 96.941 97.269 98 99.155 100.69 102.55 104.67 107 109.48 112.06 114.7 117.36 120 122.58 125.13 127.7 130.31 133 135.81 138.73 141.74 144.84 148 151.21 154.44 157.67 160.87 164 167.05 170.04 173.01 175.99 179 182.07 185.16 188.22 191.18 194 196.62 198.98 201.04 202.73 204 204.8 205.07 204.76 203.82
91 85.237 81.276 78.897 77.878 78 79.042 80.783 83.004 85.483 88 90.371 92.558 94.56 96.374 98 99.425 100.6 101.46 101.95 102 101.59 100.84 99.888 98.892 98 97.343 96.978 96.941 97.269 98 99.155 100.69 102.55 104.67 107 109.48 112.06 114.7 117.36 120 122.58 125.13 127.7 130.31 133 135.81 138.73 141.74 144.84 148 151.21 154.44 157.67 160.87 164 167.05 170.04 173.01 175.99 179 182.07 185.16 188.22 191.18 194 196.62 198.98 201.04 202.73 204 204.8 205.07 204.76 203.82
91 85.237 81.276 78.897 77.878 78 79.042 80.783 83.004 85.483 88 90.371 92.558 94.56 96.374 98 99.425 100.6 101.46 101.95 102 101.59 100.84 99.888 98.892 98 97.343 96.978 96.941 97.269 98 99.155 100.69 102.55 104.67 107 109.48 112.06 114.7 117.36 120 122.58 125.13 127.7 130.31 133 135.81 138.73 141.74 144.84 148 151.21 154.44 157.67 160.87 164 167.05 170.04 173.01 175.99 179 182.07 185.16 188.22 191.18 194 196.62 198.98 201.04 202.73 204 204.8 205.07 204.76 203.82
91 85.237 81.276 78.897 77.878 78 79.042 80.783 83.004 85.483 88 90.371 92.558 94.56 96.374 98 99.425 100.6 101.46 101.95 102 101.59 100.84 99.888 98.892 98 97.343 96.978 96.941 97.269 98 99.155 100.69 102.55 104.67 107 109.48 112.06 114.7 117.36 120 122.58 125.13 127.7 130.31 133 135.81 138.73 141.74 144.84 148 151.21 154.44 157.67 160.87 164 167.05 170.04 173.01 175.99 179 182.07 185.16 188.22 191.18 194 196.62 198.98 201.04 202.73 204 204.8 205.07 204.76 203.82
91 85.237 81.276 78.897 77.878 78 79.042 80.783 83.004 85.483 88 90.371 92.558 94.56 96.374 98 99.425 100.6 101.46 101.95 102 101.59 100.84 99.888 98.892 98 97.343 96.978 96.941 97.269 98 99.155 100.69 102.55 104.67 107 109.48 112.06 114.7 117.36 120 122.58 125.13 127.7 130.31 133 135.81 138.73 141.74 144.84 148 151.21 154.44 157.67 160.87 164 167.05 170.04 173.01 175.99 179 182.07 185.16 188.22 191.18 194 196.62 198.98 201.04 202.73 204 204.8 205.07 204.76 203.82
91 85.237 81.276 78.897 77.878 78 79.042 80.783 83.004 85.483 88 90.371 92.558 94.56 96.374 98 99.425 100.6 101.46 101.95 102 101.59 100.84 99.888 98.892 98 97.343 96.978 96.941 97.269 98 99.155 100.69 102.55 104.67 107 109.48 112.06 114.7 117.36 120 122.58 125.13 127.7 130.31 133 135.81 138.73 141.74 144.84 148 151.21 154.44 157.67 160.87 164 167.05 170.04 173.01 175.99 179 182.07 185.16 188.22 191.18 194 196.62 198.98 201.04 202.73 204 204.8 205.07 204.76 203.82
91 85.237 81.276 78.897 77.878 78 79.042 80.783 83.004 85.483 88 90.371 92.558 94.56 96.374 98 99.425 100.6 101.46 101.95 102 101.59 100.84 99.888 98.892 98 97.343 96.978 96.941 97.269 98 99.155 100.69 102.55 104.67 107 109.48 112.06 114.7 117.36 120 122.58 125.13 127.7 130.31 133 135.81 138.73 141.74 144.84 148 151.21 154.44 157.67 160.87 164 167.05 170.04 173.01 175.99 179 182.07 185.16 188.22 191.18 194 196.62 198.98 201.04 202.73 204 204.8 205.07 204.76 203.82
91 85.237 81.276 78.897 77.878 78 79.042 80.783 83.004 85.483 88 90.371 92.558 94.56 96.374 98 99.425 100.6 101.46 101.95 102 101.59 100.84 99.888 98.892 98 97.343 96.978 96.941 97.269 98 99.155 100.69 102.55 104.67 107 109.48 112.06 114.7 117.36 120 122.58 125.13 127.7 130.31 133 135.81 138.73 141.74 144.84 148 151.21 154.44 157.67 160.87 164 167.05 170.04 173.01 175.99 179 182.07 185.16 188.22 191.18 194 196.62 198.98 201.04 202.73 204 204.8 205.07 204.76 203.82
91 85.237 81.276 78.897 77.878 78 79.042 80.783 83.004 85.483 88 90.371 92.558 94.56 96.374 98 99.425 100.6 101.46 101.95 102 101.59 100.84 99.888 98.892 98 97.343 96.978 96.941 97.269 98 99.155 100.69 102.55 104.67 107 109.48 112.06 114.7 117.36 120 122.58 125.13 127.7 130.31 133 135.81 138.73 141.74 144.84 148 151.21 154.44 157.67 160.87 164 167.05 170.04 173.01 175.99 179 182.07 185.16 188.22 191.18 194 196.62 198.98 201.04 202.73 204 204.8 205.07 204.76 203.82
91 85.237 81.276 78.897 77.878 78 79.042 80.783 83.004 85.483 88 90.371 92.558 94.56 96.374 98 99.425 100.6 101.46 101.95 102 101.59 100.84 99.888 98.892 98 97.343 96.978 96.941 97.269 98 99.155 100.69 102.55 104.67 107 109.48 112.06 114.7 117.36 120 122.58 125.13 127.7 130.31 133 135.81 138.73 141.74 144.84 148 151.21 154.44 157.67 160.87 164 167.05 170.04 173.01 175.99 179 182.07 185.16 188.22 191.18 194 196.62 198.98 201.04 202.73 204 204.8 205.07 204.76 203.82
91 85.237 81.276 78.897 77.878 78 79.042 80.783 83.004 85.483 88 90.371 92.558 94.56 96.374 98 99.425 100.6 101.46 101.95 102 101.59 100.84 99.888 98.892 98 97.343 96.978 96.941 97.269 98 99.155 100.69 102.55 104.67 107 109.48 112.06 114.7 117.36 120 122.58 125.13 127.7 130.31 133 135.81 138.73 141.74 144.84 148 151.21 154.44 157.67 160.87 164 167.05 170.04 173.01 175.99 179 182.07 185.16 188.22 191.18 194 196.62 198.98 201.04 202.73 204 204.8 205.07 204.76 203.82
91 85.237 81.276 78.897 77.878 78 79.042 80.783 83.004 85.483 88 90.371 92.558 94.56 96.374 98 99.425 100.6 101.46 101.95 102 101.59 100.84 99.888 98.892 98 97.343 96.978 96.941 97.269 98 99.155 100.69 102.55 104.67 107 109.48 112.06 114.7 117.36 120 122.58 125.13 127.7 130.31 133 135.81 138.73 141.74 144.84 148 151.21 154.44 157.67 160.87 164 167.05 170.04 173.01 175.99 179 182.07 185.16 188.22 191.18 194 196.62 198.98 201.04 202.73 204 204.8 205.07 204.76 203.82
91 85.237 81.276 78.897 77.878 78 79.042 80.783 83.004 85.483 88 90.371 92.558 94.56 96.374 98 99.425 100.6 101.46 101.95 102 101.59 100.84 99.888 98.892 98 97.343 96.978 96.941 97.269 98 99.155 100.69 102.55 104.67 107 109.48 112.06 114.7 117.36 120 122.58 125.13 127.7 130.31 133 135.81 138.73 141.74 144.84 148 151.21 154.44 157.67 160.87 164 167.05 170.04 173.01 175.99 179 182.07 185.16 188.22 191.18 194 196.62 198.98 201.04 202.73 204 204.8 205.07 204.76 203.82
91 85.237 81.276 78.897 77.878 78 79.042 80.783 83.004 85.483 88 90.371 92.558 94.56 96.374 98 99.425 100.6 101.46 101.95 102 101.59 100.84 99.888 98.892 98 97.343 96.978 96.941 97.269 98 99.155 100.69 102.55 104.67 107 109.48 112.06 114.7 117.36 120 122.58 125.13 127.7 130.31 133 135.81 138.73 141.74 144.84 148 151.21 154.44 157.67 160.87 164 167.05 170.04 173.01 175.99 179 182.07 185.16 188.22 191.18 194 196.62 198.98 201.04 202.73 204 204.8 205.07 204.76 203.82
91 85.237 81.276 78.897 77.878 78 79.042 80.783 83.004 85.483 88 90.371 92.558 94.56 96.374 98 99.425 100.6 101.46 101.95 102 101.59 100.84 99.888 98.892 98 97.343 96.978 96.941 97.269 98 99.155 100.69 102.55 104.67 107 109.48 112.06 114.7 117.36 120 122.58 125.13 127.7 130.31 133 135.81 138.73 141.74 144.84 148 151.21 154.44 157.67 160.87 164 167.05 170.04 173.01 175.99 179 182.07 185.16 188.22 191.18 194 196.62 198.98 201.04 202.73 204 204.8 205.07 204.76 203.82
91 85.237 81.276 78.897 77.878 78 79.042 80.783 83.004 85.483 88 90.371 92.558 94.56 96.374 98 99.425 100.6 101.46 101.95 102 101.59 100.84 99.888 98.892 98 97.343 96.978 96.941 97.269 98 99.155 100.69 102.55 104.67 107 109.48 112.06 114.7 117.36 120 122.58 125.13 127.7 130.31 133 135.81 138.73 141.74 144.84 148 151.21 154.44 157.67 160.87 164 167.05 170.04 173.01 175.99 179 182.07 185.16 188.22 191.18 194 196.62 198.98 201.04 202.73 204 204.8 205.07 204.76 203.82
91 85.237 81.276 78.897 77.878 78 79.042 80.783 83.004 85.483 88 90.371 92.558 94.56 96.374 98 99.425 100.6 101.46 101.95 102 101.59 100.84 99.888 98.892 98 97.343 96.978 96.941 97.269 98 99.155 100.69 102.55 104.67 107 109.48 112.06 114.7 117.36 120 122.58 125.13 127.7 130.31 133 135.81 138.73 141.74 144.84 148 151.21 154.44 157.67 160.87 164 167.05 170.04 173.01 175.99 179 182.07 185.16 188.22 191.18 194 196.62 198.98 201.04 202.73 204 204.8 205.07 204.76 203.82
91 85.237 81.276 78.897 77.878 78 79.042 80.783 83.004 85.483 88 90.371 92.558 94.56 96.374 98 99.425 100.6 101.46 101.95 102 101.59 100.84 99.888 98.892 98 97.343 96.978 96.941 97.269 98 99.155 100.69 102.55 104.67 107 109.48 112.06 114.7 117.36 120 122.58 125.13 127.7 130.31 133 135.81 138.73 141.74 144.84 148 151.21 154.44 157.67 160.87 164 167.05 170.04 173.01 175.99 179 182.07 185.16 188.22 191.18 194 196.62 198.98 201.04 202.73 204 204.8 205.07 204.76 203.82
91 85.237 81.276 78.897 77.878 78 79.042 80.783 83.004 85.483 88 90.371 92.558 94.56 96.374 98 99.425 100.6 101.46 101.95 102 101.59 100.84 99.888 98.892 98 97.343 96.978 96.941 97.269 98 99.155 100.69 102.55 104.67 107 109.48 112.06 114.7 117.36 120 122.58 125.13 127.7 130.31 133 135.81 138.73 141.74 144.84 148 151.21 154.44 157.67 160.87 164 167.05 170.04 173.01 175.99 179 182.07 185.16 188.22 191.18 194 196.62 198.98 201.04 202.73 204 204.8 205.07 204.76 203.82
91 85.237 81.276 78.897 77.878 78 79.042 80.783 83.004 85.483 88 90.371 92.558 94.56 96.374 98 99.425 100.6 101.46 101.95 102 101.59 100.84 99.888 98.892 98 97.343 96.978 96.941 97.269 98 99.155 100.69 102.55 104.67 107 109.48 112.06 114.7 117.36 120 122.58 125.13 127.7 130.31 133 135.81 138.73 141.74 144.84 148 151.21 154.44 157.67 160.87 164 167.05 170.04 173.01 175.99 179 182.07 185.16 188.22 191.18 194 196.62 198.98 201.04 202.73 204 204.8 205.07 204.76 203.82
91 85.237 81.276 78.897 77.878 78 79.042 80.783 83.004 85.483 88 90.371 92.558 94.56 96.374 98 99.425 100.6 101.46 101.95 102 101.59 100.84 99.888 98.892 98 97.343 96.978 96.941 97.269 98 99.155 100.69 102.55 104.67 107 109.48 112.06 114.7 117.36 120 122.58 125.13 127.7 130.31 133 135.81 138.73 141.74 144.84 148 151.21 154.44 157.67 160.87 164 167.05 170.04 173.01 175.99 179 182.07 185.16 188.22 191.18 194 196.62 198.98 201.04 202.73 204 204.8 205.07 204.76 203.82
91 85.237 81.276 78.897 77.878 78 79.042 80.783 83.004 85.483 88 90.371 92.558 94.56 96.374 98 99.425 100.6 101.46 101.95 102 101.59 100.84 99.888 98.892 98 97.343 96.978 96.941 97.269 98 99.155 100.69 102.55 104.67 107 109.48 112.06 114.7 117.36 120 122.58 125.13 127.7 130.31 133 135.81 138.73 141.74 144.84 148 151.21 154.44 157.67 160.87 164 167.05 170.04 173.01 175.99 179 182.07 185.16 188.22 191.18 194 196.62 198.98 201.04 202.73 204 204.8 205.07 204.76 203.82
91 85.237 81.276 78.897 77.878 78 79.042 80.783 83.004 85.483 88 90.371 92.558 94.56 96.374 98 99.425 100.6 101.46 101.95 102 101.59 100.84 99.888 98.892 98 97.343 96.978 96.941 97.269 98 99.155 100.69 102.55 104.67 107 109.48 112.06 114.7 117.36 120 122.58 125.13 127.7 130.31 133 135.81 138.73 141.74 144.84 148 151.21 154.44 157.67 160.87 164 167.05 170.04 173.01 175.99 179 182.07 185.16 188.22 191.18 194 196.62 198.98 201.04 202.73 204 204.8 205.07 204.76 203.82
91 85.237 81.276 78.897 77.878 78 79.042 80.783 83.004 85.483 88 90.371 92.558 94.56 96.374 98 99.425 100.6 101.46 101.95 102 101.59 100.84 99.888 98.892 98 97.343 96.978 96.941 97.269 98 99.155 100.69 102.55 104.67 107 109.48 112.06 114.7 117.36 120 122.58 125.13 127.7 130.31 133 135.81 138.73 141.74 144.84 148 151.21 154.44 157.67 160.87 164 167.05 170.04 173.01 175.99 179 182.07 185.16 188.22 191.18 194 196.62 198.98 201.04 202.73 204 204.8 205.07 204.76 203.82
91 85.237 81.276 78.897 77.878 78 79.042 80.783 83.004 85.483 88 90.371 92.558 94.56 96.374 98 99.425 100.6 101.46 101.95 102 101.59 100.84 99.888 98.892 98 97.343 96.978 96.941 97.269 98 99.155 100.69 102.55 104.67 107 109.48 112.06 114.7 117.36 120 122.58 125.13 127.7 130.31 133 135.81 138.73 141.74 144.84 148 151.21 154.44 157.67 160.87 164 167.05 170.04 173.01 175.99 179 182.07 185.16 188.22 191.18 194 196.62 198.98 201.04 202.73 204 204.8 205.07 204.76 203.82
91 85.237 81.276 78.897 77.878 78 79.042 80.783 83.004 85.483 88 90.371 92.558 94.56 96.374 98 99.425 100.6 101.46 101.95 102 101.59 100.84 99.888 98.892 98 97.343 96.978 96.941 97.269 98 99.155 100.69 102.55 104.67 107 109.48 112.06 114.7 117.36 120 122.58 125.13 127.7 130.31 133 135.81 138.73 141.74 144.84 148 151.21 154.44 157.67 160.87 164 167.05 170.04 173.01 175.99 179 182.07 185.16 188.22 191.18 194 196.62 198.98 201.04 202.73 204 204.8 205.07 204.76 203.82
