0 0 0 0 0 0 0 0 0 0 0 0 0 0 0 1.4286 1.4286 1.4286 1.4286 1.4286 1.4286 1.4286 1.4286 1.4286 1.4286 1.4286 1.4286 1.4286 1.4286 1.4286 1.4286 1.4286 1.4286 1.4286 1.4286 1.4286 1.4286 1.4286 1.4286 1.4286 1.4286 1.4286 1.4286 1.4286 1.4286 0 0 0 0 0 0 0 0 0 0 0 0 0 0 0 0 0 0 0 0 0 0 0 0 0 0 0 0 0 0 0 0 0 0 0 0 0 0 0 0 0 0 0 0 0 0 0 0 0 0 0 0 0 0 0 0 0 0 0 0 0 0 0 0 0 0 0 0 0 0 0 0 0 0 0 0 0 0 0 0 0 0 0 0 0 0 0 0 0 0 0 0 0 0 0 0 0 0 0 0 0 0 0 0 0 0 0 0 0 0 0 0 0 0 0
0 0 0 0 0 0 0 0 0 0 0 0 0 0 0 1.4286 1.4286 1.4286 1.4286 1.4286 1.4286 1.4286 1.4286 1.4286 1.4286 1.4286 1.4286 1.4286 1.4286 1.4286 1.4286 1.4286 1.4286 1.4286 1.4286 1.4286 1.4286 1.4286 1.4286 1.4286 1.4286 1.4286 1.4286 1.4286 1.4286 0 0 0 0 0 0 0 0 0 0 0 0 0 0 0 0 0 0 0 0 0 0 0 0 0 0 0 0 0 0 0 0 0 0 0 0 0 0 0 0 0 0 0 0 0 0 0 0 0 0 0 0 0 0 0 0 0 0 0 0 0 0 0 0 0 0 0 0 0 0 0 0 0 0 0 0 0 0 0 0 0 0 0 0 0 0 0 0 0 0 0 0 0 0 0 0 0 0 0 0 0 0 0 0 0 0 0 0 0 0 0 0 0 0 0
0 0 0 0 0 0 0 0 0 0 0 0 0 0 0 1.4286 1.4286 1.4286 1.4286 1.4286 1.4286 1.4286 1.4286 1.4286 1.4286 1.4286 1.4286 1.4286 1.4286 1.4286 1.4286 1.4286 1.4286 1.4286 1.4286 1.4286 1.4286 1.4286 1.4286 1.4286 1.4286 1.4286 1.4286 1.4286 1.4286 0 0 0 0 0 0 0 0 0 0 0 0 0 0 0 0 0 0 0 0 0 0 0 0 0 0 0 0 0 0 0 0 0 0 0 0 0 0 0 0 0 0 0 0 0 0 0 0 0 0 0 0 0 0 0 0 0 0 0 0 0 0 0 0 0 0 0 0 0 0 0 0 0 0 0 0 0 0 0 0 0 0 0 0 0 0 0 0 0 0 0 0 0 0 0 0 0 0 0 0 0 0 0 0 0 0 0 0 0 0 0 0 0 0 0
0 0 0 0 0 0 0 0 0 0 0 0 0 0 0 1.4286 1.4286 1.4286 1.4286 1.4286 1.4286 1.4286 1.4286 1.4286 1.4286 1.4286 1.4286 1.4286 1.4286 1.4286 1.4286 1.4286 1.4286 1.4286 1.4286 1.4286 1.4286 1.4286 1.4286 1.4286 1.4286 1.4286 1.4286 1.4286 1.4286 0 0 0 0 0 0 0 0 0 0 0 0 0 0 0 0 0 0 0 0 0 0 0 0 0 0 0 0 0 0 0 0 0 0 0 0 0 0 0 0 0 0 0 0 0 0 0 0 0 0 0 0 0 0 0 0 0 0 0 0 0 0 0 0 0 0 0 0 0 0 0 0 0 0 0 0 0 0 0 0 0 0 0 0 0 0 0 0 0 0 0 0 0 0 0 0 0 0 0 0 0 0 0 0 0 0 0 0 0 0 0 0 0 0 0
0 0 0 0 0 0 0 0 0 0 0 0 0 0 0 1.4286 1.4286 1.4286 1.4286 1.4286 1.4286 1.4286 1.4286 1.4286 1.4286 1.4286 1.4286 1.4286 1.4286 1.4286 1.4286 1.4286 1.4286 1.4286 1.4286 1.4286 1.4286 1.4286 1.4286 1.4286 1.4286 1.4286 1.4286 1.4286 1.4286 0 0 0 0 0 0 0 0 0 0 0 0 0 0 0 0 0 0 0 0 0 0 0 0 0 0 0 0 0 0 0 0 0 0 0 0 0 0 0 0 0 0 0 0 0 0 0 0 0 0 0 0 0 0 0 0 0 0 0 0 0 0 0 0 0 0 0 0 0 0 0 0 0 0 0 0 0 0 0 0 0 0 0 0 0 0 0 0 0 0 0 0 0 0 0 0 0 0 0 0 0 0 0 0 0 0 0 0 0 0 0 0 0 0 0
0 0 0 0 0 0 0 0 0 0 0 0 0 0 0 1.4286 1.4286 1.4286 1.4286 1.4286 1.4286 1.4286 1.4286 1.4286 1.4286 1.4286 1.4286 1.4286 1.4286 1.4286 1.4286 1.4286 1.4286 1.4286 1.4286 1.4286 1.4286 1.4286 1.4286 1.4286 1.4286 1.4286 1.4286 1.4286 1.4286 0 0 0 0 0 0 0 0 0 0 0 0 0 0 0 0 0 0 0 0 0 0 0 0 0 0 0 0 0 0 0 0 0 0 0 0 0 0 0 0 0 0 0 0 0 0 0 0 0 0 0 0 0 0 0 0 0 0 0 0 0 0 0 0 0 0 0 0 0 0 0 0 0 0 0 0 0 0 0 0 0 0 0 0 0 0 0 0 0 0 0 0 0 0 0 0 0 0 0 0 0 0 0 0 0 0 0 0 0 0 0 0 0 0 0
0 0 0 0 0 0 0 0 0 0 0 0 0 0 0 1.4286 1.4286 1.4286 1.4286 1.4286 1.4286 1.4286 1.4286 1.4286 1.4286 1.4286 1.4286 1.4286 1.4286 1.4286 1.4286 1.4286 1.4286 1.4286 1.4286 1.4286 1.4286 1.4286 1.4286 1.4286 1.4286 1.4286 1.4286 1.4286 1.4286 0 0 0 0 0 0 0 0 0 0 0 0 0 0 0 0 0 0 0 0 0 0 0 0 0 0 0 0 0 0 0 0 0 0 0 0 0 0 0 0 0 0 0 0 0 0 0 0 0 0 0 0 0 0 0 0 0 0 0 0 0 0 0 0 0 0 0 0 0 0 0 0 0 0 0 0 0 0 0 0 0 0 0 0 0 0 0 0 0 0 0 0 0 0 0 0 0 0 0 0 0 0 0 0 0 0 0 0 0 0 0 0 0 0 0
0 0 0 0 0 0 0 0 0 0 0 0 0 0 0 1.4286 1.4286 1.4286 1.4286 1.4286 1.4286 1.4286 1.4286 1.4286 1.4286 1.4286 1.4286 1.4286 1.4286 1.4286 1.4286 1.4286 1.4286 1.4286 1.4286 1.4286 1.4286 1.4286 1.4286 1.4286 1.4286 1.4286 1.4286 1.4286 1.4286 0 0 0 0 0 0 0 0 0 0 0 0 0 0 0 0 0 0 0 0 0 0 0 0 0 0 0 0 0 0 0 0 0 0 0 0 0 0 0 0 0 0 0 0 0 0 0 0 0 0 0 0 0 0 0 0 0 0 0 0 0 0 0 0 0 0 0 0 0 0 0 0 0 0 0 0 0 0 0 0 0 0 0 0 0 0 0 0 0 0 0 0 0 0 0 0 0 0 0 0 0 0 0 0 0 0 0 0 0 0 0 0 0 0 0
0 0 0 0 0 0 0 0 0 0 0 0 0 0 0 1.4286 1.4286 1.4286 1.4286 1.4286 1.4286 1.4286 1.4286 1.4286 1.4286 1.4286 1.4286 1.4286 1.4286 1.4286 1.4286 1.4286 1.4286 1.4286 1.4286 1.4286 1.4286 1.4286 1.4286 1.4286 1.4286 1.4286 1.4286 1.4286 1.4286 0 0 0 0 0 0 0 0 0 0 0 0 0 0 0 0 0 0 0 0 0 0 0 0 0 0 0 0 0 0 0 0 0 0 0 0 0 0 0 0 0 0 0 0 0 0 0 0 0 0 0 0 0 0 0 0 0 0 0 0 0 0 0 0 0 0 0 0 0 0 0 0 0 0 0 0 0 0 0 0 0 0 0 0 0 0 0 0 0 0 0 0 0 0 0 0 0 0 0 0 0 0 0 0 0 0 0 0 0 0 0 0 0 0 0
0 0 0 0 0 0 0 0 0 0 0 0 0 0 0 1.4286 1.4286 1.4286 1.4286 1.4286 1.4286 1.4286 1.4286 1.4286 1.4286 1.4286 1.4286 1.4286 1.4286 1.4286 1.4286 1.4286 1.4286 1.4286 1.4286 1.4286 1.4286 1.4286 1.4286 1.4286 1.4286 1.4286 1.4286 1.4286 1.4286 0 0 0 0 0 0 0 0 0 0 0 0 0 0 0 0 0 0 0 0 0 0 0 0 0 0 0 0 0 0 0 0 0 0 0 0 0 0 0 0 0 0 0 0 0 0 0 0 0 0 0 0 0 0 0 0 0 0 0 0 0 0 0 0 0 0 0 0 0 0 0 0 0 0 0 0 0 0 0 0 0 0 0 0 0 0 0 0 0 0 0 0 0 0 0 0 0 0 0 0 0 0 0 0 0 0 0 0 0 0 0 0 0 0 0
0 0 0 0 0 0 0 0 0 0 0 0 0 0 0 1.4286 1.4286 1.4286 1.4286 1.4286 1.4286 1.4286 1.4286 1.4286 1.4286 1.4286 1.4286 1.4286 1.4286 1.4286 1.4286 1.4286 1.4286 1.4286 1.4286 1.4286 1.4286 1.4286 1.4286 1.4286 1.4286 1.4286 1.4286 1.4286 1.4286 0 0 0 0 0 0 0 0 0 0 0 0 0 0 0 0 0 0 0 0 0 0 0 0 0 0 0 0 0 0 0 0 0 0 0 0 0 0 0 0 0 0 0 0 0 0 0 0 0 0 0 0 0 0 0 0 0 0 0 0 0 0 0 0 0 0 0 0 0 0 0 0 0 0 0 0 0 0 0 0 0 0 0 0 0 0 0 0 0 0 0 0 0 0 0 0 0 0 0 0 0 0 0 0 0 0 0 0 0 0 0 0 0 0 0
0 0 0 0 0 0 0 0 0 0 0 0 0 0 0 1.4286 1.4286 1.4286 1.4286 1.4286 1.4286 1.4286 1.4286 1.4286 1.4286 1.4286 1.4286 1.4286 1.4286 1.4286 1.4286 1.4286 1.4286 1.4286 1.4286 1.4286 1.4286 1.4286 1.4286 1.4286 1.4286 1.4286 1.4286 1.4286 1.4286 0 0 0 0 0 0 0 0 0 0 0 0 0 0 0 0 0 0 0 0 0 0 0 0 0 0 0 0 0 0 0 0 0 0 0 0 0 0 0 0 0 0 0 0 0 0 0 0 0 0 0 0 0 0 0 0 0 0 0 0 0 0 0 0 0 0 0 0 0 0 0 0 0 0 0 0 0 0 0 0 0 0 0 0 0 0 0 0 0 0 0 0 0 0 0 0 0 0 0 0 0 0 0 0 0 0 0 0 0 0 0 0 0 0 0
0 0 0 0 0 0 0 0 0 0 0 0 0 0 0 1.4286 1.4286 1.4286 1.4286 1.4286 1.4286 1.4286 1.4286 1.4286 1.4286 1.4286 1.4286 1.4286 1.4286 1.4286 1.4286 1.4286 1.4286 1.4286 1.4286 1.4286 1.4286 1.4286 1.4286 1.4286 1.4286 1.4286 1.4286 1.4286 1.4286 0 0 0 0 0 0 0 0 0 0 0 0 0 0 0 0 0 0 0 0 0 0 0 0 0 0 0 0 0 0 0 0 0 0 0 0 0 0 0 0 0 0 0 0 0 0 0 0 0 0 0 0 0 0 0 0 0 0 0 0 0 0 0 0 0 0 0 0 0 0 0 0 0 0 0 0 0 0 0 0 0 0 0 0 0 0 0 0 0 0 0 0 0 0 0 0 0 0 0 0 0 0 0 0 0 0 0 0 0 0 0 0 0 0 0
0 0 0 0 0 0 0 0 0 0 0 0 0 0 0 1.4286 1.4286 1.4286 1.4286 1.4286 1.4286 1.4286 1.4286 1.4286 1.4286 1.4286 1.4286 1.4286 1.4286 1.4286 1.4286 1.4286 1.4286 1.4286 1.4286 1.4286 1.4286 1.4286 1.4286 1.4286 1.4286 1.4286 1.4286 1.4286 1.4286 0 0 0 0 0 0 0 0 0 0 0 0 0 0 0 0 0 0 0 0 0 0 0 0 0 0 0 0 0 0 0 0 0 0 0 0 0 0 0 0 0 0 0 0 0 0 0 0 0 0 0 0 0 0 0 0 0 0 0 0 0 0 0 0 0 0 0 0 0 0 0 0 0 0 0 0 0 0 0 0 0 0 0 0 0 0 0 0 0 0 0 0 0 0 0 0 0 0 0 0 0 0 0 0 0 0 0 0 0 0 0 0 0 0 0
0 0 0 0 0 0 0 0 0 0 0 0 0 0 0 1.4286 1.4286 1.4286 1.4286 1.4286 1.4286 1.4286 1.4286 1.4286 1.4286 1.4286 1.4286 1.4286 1.4286 1.4286 1.4286 1.4286 1.4286 1.4286 1.4286 1.4286 1.4286 1.4286 1.4286 1.4286 1.4286 1.4286 1.4286 1.4286 1.4286 0 0 0 0 0 0 0 0 0 0 0 0 0 0 0 0 0 0 0 0 0 0 0 0 0 0 0 0 0 0 0 0 0 0 0 0 0 0 0 0 0 0 0 0 0 0 0 0 0 0 0 0 0 0 0 0 0 0 0 0 0 0 0 0 0 0 0 0 0 0 0 0 0 0 0 0 0 0 0 0 0 0 0 0 0 0 0 0 0 0 0 0 0 0 0 0 0 0 0 0 0 0 0 0 0 0 0 0 0 0 0 0 0 0 0
0 0 0 0 0 0 0 0 0 0 0 0 0 0 0 1.4286 1.4286 1.4286 1.4286 1.4286 1.4286 1.4286 1.4286 1.4286 1.4286 1.4286 1.4286 1.4286 1.4286 1.4286 1.4286 1.4286 1.4286 1.4286 1.4286 1.4286 1.4286 1.4286 1.4286 1.4286 1.4286 1.4286 1.4286 1.4286 1.4286 0 0 0 0 0 0 0 0 0 0 0 0 0 0 0 0 0 0 0 0 0 0 0 0 0 0 0 0 0 0 0 0 0 0 0 0 0 0 0 0 0 0 0 0 0 0 0 0 0 0 0 0 0 0 0 0 0 0 0 0 0 0 0 0 0 0 0 0 0 0 0 0 0 0 0 0 0 0 0 0 0 0 0 0 0 0 0 0 0 0 0 0 0 0 0 0 0 0 0 0 0 0 0 0 0 0 0 0 0 0 0 0 0 0 0
0 0 0 0 0 0 0 0 0 0 0 0 0 0 0 1.4286 1.4286 1.4286 1.4286 1.4286 1.4286 1.4286 1.4286 1.4286 1.4286 1.4286 1.4286 1.4286 1.4286 1.4286 1.4286 1.4286 1.4286 1.4286 1.4286 1.4286 1.4286 1.4286 1.4286 1.4286 1.4286 1.4286 1.4286 1.4286 1.4286 0 0 0 0 0 0 0 0 0 0 0 0 0 0 0 0 0 0 0 0 0 0 0 0 0 0 0 0 0 0 0 0 0 0 0 0 0 0 0 0 0 0 0 0 0 0 0 0 0 0 0 0 0 0 0 0 0 0 0 0 0 0 0 0 0 0 0 0 0 0 0 0 0 0 0 0 0 0 0 0 0 0 0 0 0 0 0 0 0 0 0 0 0 0 0 0 0 0 0 0 0 0 0 0 0 0 0 0 0 0 0 0 0 0 0
0 0 0 0 0 0 0 0 0 0 0 0 0 0 0 1.4286 1.4286 1.4286 1.4286 1.4286 1.4286 1.4286 1.4286 1.4286 1.4286 1.4286 1.4286 1.4286 1.4286 1.4286 1.4286 1.4286 1.4286 1.4286 1.4286 1.4286 1.4286 1.4286 1.4286 1.4286 1.4286 1.4286 1.4286 1.4286 1.4286 0 0 0 0 0 0 0 0 0 0 0 0 0 0 0 0 0 0 0 0 0 0 0 0 0 0 0 0 0 0 0 0 0 0 0 0 0 0 0 0 0 0 0 0 0 0 0 0 0 0 0 0 0 0 0 0 0 0 0 0 0 0 0 0 0 0 0 0 0 0 0 0 0 0 0 0 0 0 0 0 0 0 0 0 0 0 0 0 0 0 0 0 0 0 0 0 0 0 0 0 0 0 0 0 0 0 0 0 0 0 0 0 0 0 0
0 0 0 0 0 0 0 0 0 0 0 0 0 0 0 1.4286 1.4286 1.4286 1.4286 1.4286 1.4286 1.4286 1.4286 1.4286 1.4286 1.4286 1.4286 1.4286 1.4286 1.4286 1.4286 1.4286 1.4286 1.4286 1.4286 1.4286 1.4286 1.4286 1.4286 1.4286 1.4286 1.4286 1.4286 1.4286 1.4286 0 0 0 0 0 0 0 0 0 0 0 0 0 0 0 0 0 0 0 0 0 0 0 0 0 0 0 0 0 0 0 0 0 0 0 0 0 0 0 0 0 0 0 0 0 0 0 0 0 0 0 0 0 0 0 0 0 0 0 0 0 0 0 0 0 0 0 0 0 0 0 0 0 0 0 0 0 0 0 0 0 0 0 0 0 0 0 0 0 0 0 0 0 0 0 0 0 0 0 0 0 0 0 0 0 0 0 0 0 0 0 0 0 0 0
0 0 0 0 0 0 0 0 0 0 0 0 0 0 0 1.4286 1.4286 1.4286 1.4286 1.4286 1.4286 1.4286 1.4286 1.4286 1.4286 1.4286 1.4286 1.4286 1.4286 1.4286 1.4286 1.4286 1.4286 1.4286 1.4286 1.4286 1.4286 1.4286 1.4286 1.4286 1.4286 1.4286 1.4286 1.4286 1.4286 0 0 0 0 0 0 0 0 0 0 0 0 0 0 0 0 0 0 0 0 0 0 0 0 0 0 0 0 0 0 0 0 0 0 0 0 0 0 0 0 0 0 0 0 0 0 0 0 0 0 0 0 0 0 0 0 0 0 0 0 0 0 0 0 0 0 0 0 0 0 0 0 0 0 0 0 0 0 0 0 0 0 0 0 0 0 0 0 0 0 0 0 0 0 0 0 0 0 0 0 0 0 0 0 0 0 0 0 0 0 0 0 0 0 0
0 0 0 0 0 0 0 0 0 0 0 0 0 0 0 1.4286 1.4286 1.4286 1.4286 1.4286 1.4286 1.4286 1.4286 1.4286 1.4286 1.4286 1.4286 1.4286 1.4286 1.4286 1.4286 1.4286 1.4286 1.4286 1.4286 1.4286 1.4286 1.4286 1.4286 1.4286 1.4286 1.4286 1.4286 1.4286 1.4286 0 0 0 0 0 0 0 0 0 0 0 0 0 0 0 0 0 0 0 0 0 0 0 0 0 0 0 0 0 0 0 0 0 0 0 0 0 0 0 0 0 0 0 0 0 0 0 0 0 0 0 0 0 0 0 0 0 0 0 0 0 0 0 0 0 0 0 0 0 0 0 0 0 0 0 0 0 0 0 0 0 0 0 0 0 0 0 0 0 0 0 0 0 0 0 0 0 0 0 0 0 0 0 0 0 0 0 0 0 0 0 0 0 0 0
0 0 0 0 0 0 0 0 0 0 0 0 0 0 0 1.4286 1.4286 1.4286 1.4286 1.4286 1.4286 1.4286 1.4286 1.4286 1.4286 1.4286 1.4286 1.4286 1.4286 1.4286 1.4286 1.4286 1.4286 1.4286 1.4286 1.4286 1.4286 1.4286 1.4286 1.4286 1.4286 1.4286 1.4286 1.4286 1.4286 0 0 0 0 0 0 0 0 0 0 0 0 0 0 0 0 0 0 0 0 0 0 0 0 0 0 0 0 0 0 0 0 0 0 0 0 0 0 0 0 0 0 0 0 0 0 0 0 0 0 0 0 0 0 0 0 0 0 0 0 0 0 0 0 0 0 0 0 0 0 0 0 0 0 0 0 0 0 0 0 0 0 0 0 0 0 0 0 0 0 0 0 0 0 0 0 0 0 0 0 0 0 0 0 0 0 0 0 0 0 0 0 0 0 0
0 0 0 0 0 0 0 0 0 0 0 0 0 0 0 1.4286 1.4286 1.4286 1.4286 1.4286 1.4286 1.4286 1.4286 1.4286 1.4286 1.4286 1.4286 1.4286 1.4286 1.4286 1.4286 1.4286 1.4286 1.4286 1.4286 1.4286 1.4286 1.4286 1.4286 1.4286 1.4286 1.4286 1.4286 1.4286 1.4286 0 0 0 0 0 0 0 0 0 0 0 0 0 0 0 0 0 0 0 0 0 0 0 0 0 0 0 0 0 0 0 0 0 0 0 0 0 0 0 0 0 0 0 0 0 0 0 0 0 0 0 0 0 0 0 0 0 0 0 0 0 0 0 0 0 0 0 0 0 0 0 0 0 0 0 0 0 0 0 0 0 0 0 0 0 0 0 0 0 0 0 0 0 0 0 0 0 0 0 0 0 0 0 0 0 0 0 0 0 0 0 0 0 0 0
0 0 0 0 0 0 0 0 0 0 0 0 0 0 0 1.4286 1.4286 1.4286 1.4286 1.4286 1.4286 1.4286 1.4286 1.4286 1.4286 1.4286 1.4286 1.4286 1.4286 1.4286 1.4286 1.4286 1.4286 1.4286 1.4286 1.4286 1.4286 1.4286 1.4286 1.4286 1.4286 1.4286 1.4286 1.4286 1.4286 0 0 0 0 0 0 0 0 0 0 0 0 0 0 0 0 0 0 0 0 0 0 0 0 0 0 0 0 0 0 0 0 0 0 0 0 0 0 0 0 0 0 0 0 0 0 0 0 0 0 0 0 0 0 0 0 0 0 0 0 0 0 0 0 0 0 0 0 0 0 0 0 0 0 0 0 0 0 0 0 0 0 0 0 0 0 0 0 0 0 0 0 0 0 0 0 0 0 0 0 0 0 0 0 0 0 0 0 0 0 0 0 0 0 0
0 0 0 0 0 0 0 0 0 0 0 0 0 0 0 1.4286 1.4286 1.4286 1.4286 1.4286 1.4286 1.4286 1.4286 1.4286 1.4286 1.4286 1.4286 1.4286 1.4286 1.4286 1.4286 1.4286 1.4286 1.4286 1.4286 1.4286 1.4286 1.4286 1.4286 1.4286 1.4286 1.4286 1.4286 1.4286 1.4286 0 0 0 0 0 0 0 0 0 0 0 0 0 0 0 0 0 0 0 0 0 0 0 0 0 0 0 0 0 0 0 0 0 0 0 0 0 0 0 0 0 0 0 0 0 0 0 0 0 0 0 0 0 0 0 0 0 0 0 0 0 0 0 0 0 0 0 0 0 0 0 0 0 0 0 0 0 0 0 0 0 0 0 0 0 0 0 0 0 0 0 0 0 0 0 0 0 0 0 0 0 0 0 0 0 0 0 0 0 0 0 0 0 0 0
0 0 0 0 0 0 0 0 0 0 0 0 0 0 0 1.4286 1.4286 1.4286 1.4286 1.4286 1.4286 1.4286 1.4286 1.4286 1.4286 1.4286 1.4286 1.4286 1.4286 1.4286 1.4286 1.4286 1.4286 1.4286 1.4286 1.4286 1.4286 1.4286 1.4286 1.4286 1.4286 1.4286 1.4286 1.4286 1.4286 0 0 0 0 0 0 0 0 0 0 0 0 0 0 0 0 0 0 0 0 0 0 0 0 0 0 0 0 0 0 0 0 0 0 0 0 0 0 0 0 0 0 0 0 0 0 0 0 0 0 0 0 0 0 0 0 0 0 0 0 0 0 0 0 0 0 0 0 0 0 0 0 0 0 0 0 0 0 0 0 0 0 0 0 0 0 0 0 0 0 0 0 0 0 0 0 0 0 0 0 0 0 0 0 0 0 0 0 0 0 0 0 0 0 0
0 0 0 0 0 0 0 0 0 0 0 0 0 0 0 1.4286 1.4286 1.4286 1.4286 1.4286 1.4286 1.4286 1.4286 1.4286 1.4286 1.4286 1.4286 1.4286 1.4286 1.4286 1.4286 1.4286 1.4286 1.4286 1.4286 1.4286 1.4286 1.4286 1.4286 1.4286 1.4286 1.4286 1.4286 1.4286 1.4286 0 0 0 0 0 0 0 0 0 0 0 0 0 0 0 0 0 0 0 0 0 0 0 0 0 0 0 0 0 0 0 0 0 0 0 0 0 0 0 0 0 0 0 0 0 0 0 0 0 0 0 0 0 0 0 0 0 0 0 0 0 0 0 0 0 0 0 0 0 0 0 0 0 0 0 0 0 0 0 0 0 0 0 0 0 0 0 0 0 0 0 0 0 0 0 0 0 0 0 0 0 0 0 0 0 0 0 0 0 0 0 0 0 0 0
0 0 0 0 0 0 0 0 0 0 0 0 0 0 0 1.4286 1.4286 1.4286 1.4286 1.4286 1.4286 1.4286 1.4286 1.4286 1.4286 1.4286 1.4286 1.4286 1.4286 1.4286 1.4286 1.4286 1.4286 1.4286 1.4286 1.4286 1.4286 1.4286 1.4286 1.4286 1.4286 1.4286 1.4286 1.4286 1.4286 0 0 0 0 0 0 0 0 0 0 0 0 0 0 0 0 0 0 0 0 0 0 0 0 0 0 0 0 0 0 0 0 0 0 0 0 0 0 0 0 0 0 0 0 0 0 0 0 0 0 0 0 0 0 0 0 0 0 0 0 0 0 0 0 0 0 0 0 0 0 0 0 0 0 0 0 0 0 0 0 0 0 0 0 0 0 0 0 0 0 0 0 0 0 0 0 0 0 0 0 0 0 0 0 0 0 0 0 0 0 0 0 0 0 0
0 0 0 0 0 0 0 0 0 0 0 0 0 0 0 1.4286 1.4286 1.4286 1.4286 1.4286 1.4286 1.4286 1.4286 1.4286 1.4286 1.4286 1.4286 1.4286 1.4286 1.4286 1.4286 1.4286 1.4286 1.4286 1.4286 1.4286 1.4286 1.4286 1.4286 1.4286 1.4286 1.4286 1.4286 1.4286 1.4286 0 0 0 0 0 0 0 0 0 0 0 0 0 0 0 0 0 0 0 0 0 0 0 0 0 0 0 0 0 0 0 0 0 0 0 0 0 0 0 0 0 0 0 0 0 0 0 0 0 0 0 0 0 0 0 0 0 0 0 0 0 0 0 0 0 0 0 0 0 0 0 0 0 0 0 0 0 0 0 0 0 0 0 0 0 0 0 0 0 0 0 0 0 0 0 0 0 0 0 0 0 0 0 0 0 0 0 0 0 0 0 0 0 0 0
0 0 0 0 0 0 0 0 0 0 0 0 0 0 0 1.4286 1.4286 1.4286 1.4286 1.4286 1.4286 1.4286 1.4286 1.4286 1.4286 1.4286 1.4286 1.4286 1.4286 1.4286 1.4286 1.4286 1.4286 1.4286 1.4286 1.4286 1.4286 1.4286 1.4286 1.4286 1.4286 1.4286 1.4286 1.4286 1.4286 0 0 0 0 0 0 0 0 0 0 0 0 0 0 0 0 0 0 0 0 0 0 0 0 0 0 0 0 0 0 0 0 0 0 0 0 0 0 0 0 0 0 0 0 0 0 0 0 0 0 0 0 0 0 0 0 0 0 0 0 0 0 0 0 0 0 0 0 0 0 0 0 0 0 0 0 0 0 0 0 0 0 0 0 0 0 0 0 0 0 0 0 0 0 0 0 0 0 0 0 0 0 0 0 0 0 0 0 0 0 0 0 0 0 0
0 0 0 0 0 0 0 0 0 0 0 0 0 0 0 1.4286 1.4286 1.4286 1.4286 1.4286 1.4286 1.4286 1.4286 1.4286 1.4286 1.4286 1.4286 1.4286 1.4286 1.4286 1.4286 1.4286 1.4286 1.4286 1.4286 1.4286 1.4286 1.4286 1.4286 1.4286 1.4286 1.4286 1.4286 1.4286 1.4286 0 0 0 0 0 0 0 0 0 0 0 0 0 0 0 0 0 0 0 0 0 0 0 0 0 0 0 0 0 0 0 0 0 0 0 0 0 0 0 0 0 0 0 0 0 0 0 0 0 0 0 0 0 0 0 0 0 0 0 0 0 0 0 0 0 0 0 0 0 0 0 0 0 0 0 0 0 0 0 0 0 0 0 0 0 0 0 0 0 0 0 0 0 0 0 0 0 0 0 0 0 0 0 0 0 0 0 0 0 0 0 0 0 0 0
0 0 0 0 0 0 0 0 0 0 0 0 0 0 0 1.4286 1.4286 1.4286 1.4286 1.4286 1.4286 1.4286 1.4286 1.4286 1.4286 1.4286 1.4286 1.4286 1.4286 1.4286 1.4286 1.4286 1.4286 1.4286 1.4286 1.4286 1.4286 1.4286 1.4286 1.4286 1.4286 1.4286 1.4286 1.4286 1.4286 0 0 0 0 0 0 0 0 0 0 0 0 0 0 0 0 0 0 0 0 0 0 0 0 0 0 0 0 0 0 0 0 0 0 0 0 0 0 0 0 0 0 0 0 0 0 0 0 0 0 0 0 0 0 0 0 0 0 0 0 0 0 0 0 0 0 0 0 0 0 0 0 0 0 0 0 0 0 0 0 0 0 0 0 0 0 0 0 0 0 0 0 0 0 0 0 0 0 0 0 0 0 0 0 0 0 0 0 0 0 0 0 0 0 0
0 0 0 0 0 0 0 0 0 0 0 0 0 0 0 1.4286 1.4286 1.4286 1.4286 1.4286 1.4286 1.4286 1.4286 1.4286 1.4286 1.4286 1.4286 1.4286 1.4286 1.4286 1.4286 1.4286 1.4286 1.4286 1.4286 1.4286 1.4286 1.4286 1.4286 1.4286 1.4286 1.4286 1.4286 1.4286 1.4286 0 0 0 0 0 0 0 0 0 0 0 0 0 0 0 0 0 0 0 0 0 0 0 0 0 0 0 0 0 0 0 0 0 0 0 0 0 0 0 0 0 0 0 0 0 0 0 0 0 0 0 0 0 0 0 0 0 0 0 0 0 0 0 0 0 0 0 0 0 0 0 0 0 0 0 0 0 0 0 0 0 0 0 0 0 0 0 0 0 0 0 0 0 0 0 0 0 0 0 0 0 0 0 0 0 0 0 0 0 0 0 0 0 0 0
0 0 0 0 0 0 0 0 0 0 0 0 0 0 0 1.4286 1.4286 1.4286 1.4286 1.4286 1.4286 1.4286 1.4286 1.4286 1.4286 1.4286 1.4286 1.4286 1.4286 1.4286 1.4286 1.4286 1.4286 1.4286 1.4286 1.4286 1.4286 1.4286 1.4286 1.4286 1.4286 1.4286 1.4286 1.4286 1.4286 0 0 0 0 0 0 0 0 0 0 0 0 0 0 0 0 0 0 0 0 0 0 0 0 0 0 0 0 0 0 0 0 0 0 0 0 0 0 0 0 0 0 0 0 0 0 0 0 0 0 0 0 0 0 0 0 0 0 0 0 0 0 0 0 0 0 0 0 0 0 0 0 0 0 0 0 0 0 0 0 0 0 0 0 0 0 0 0 0 0 0 0 0 0 0 0 0 0 0 0 0 0 0 0 0 0 0 0 0 0 0 0 0 0 0
0 0 0 0 0 0 0 0 0 0 0 0 0 0 0 1.4286 1.4286 1.4286 1.4286 1.4286 1.4286 1.4286 1.4286 1.4286 1.4286 1.4286 1.4286 1.4286 1.4286 1.4286 1.4286 1.4286 1.4286 1.4286 1.4286 1.4286 1.4286 1.4286 1.4286 1.4286 1.4286 1.4286 1.4286 1.4286 1.4286 0 0 0 0 0 0 0 0 0 0 0 0 0 0 0 0 0 0 0 0 0 0 0 0 0 0 0 0 0 0 0 0 0 0 0 0 0 0 0 0 0 0 0 0 0 0 0 0 0 0 0 0 0 0 0 0 0 0 0 0 0 0 0 0 0 0 0 0 0 0 0 0 0 0 0 0 0 0 0 0 0 0 0 0 0 0 0 0 0 0 0 0 0 0 0 0 0 0 0 0 0 0 0 0 0 0 0 0 0 0 0 0 0 0 0
0 0 0 0 0 0 0 0 0 0 0 0 0 0 0 1.4286 1.4286 1.4286 1.4286 1.4286 1.4286 1.4286 1.4286 1.4286 1.4286 1.4286 1.4286 1.4286 1.4286 1.4286 1.4286 1.4286 1.4286 1.4286 1.4286 1.4286 1.4286 1.4286 1.4286 1.4286 1.4286 1.4286 1.4286 1.4286 1.4286 0 0 0 0 0 0 0 0 0 0 0 0 0 0 0 0 0 0 0 0 0 0 0 0 0 0 0 0 0 0 0 0 0 0 0 0 0 0 0 0 0 0 0 0 0 0 0 0 0 0 0 0 0 0 0 0 0 0 0 0 0 0 0 0 0 0 0 0 0 0 0 0 0 0 0 0 0 0 0 0 0 0 0 0 0 0 0 0 0 0 0 0 0 0 0 0 0 0 0 0 0 0 0 0 0 0 0 0 0 0 0 0 0 0 0
0 0 0 0 0 0 0 0 0 0 0 0 0 0 0 1.4286 1.4286 1.4286 1.4286 1.4286 1.4286 1.4286 1.4286 1.4286 1.4286 1.4286 1.4286 1.4286 1.4286 1.4286 1.4286 1.4286 1.4286 1.4286 1.4286 1.4286 1.4286 1.4286 1.4286 1.4286 1.4286 1.4286 1.4286 1.4286 1.4286 0 0 0 0 0 0 0 0 0 0 0 0 0 0 0 0 0 0 0 0 0 0 0 0 0 0 0 0 0 0 0 0 0 0 0 0 0 0 0 0 0 0 0 0 0 0 0 0 0 0 0 0 0 0 0 0 0 0 0 0 0 0 0 0 0 0 0 0 0 0 0 0 0 0 0 0 0 0 0 0 0 0 0 0 0 0 0 0 0 0 0 0 0 0 0 0 0 0 0 0 0 0 0 0 0 0 0 0 0 0 0 0 0 0 0
0 0 0 0 0 0 0 0 0 0 0 0 0 0 0 1.4286 1.4286 1.4286 1.4286 1.4286 1.4286 1.4286 1.4286 1.4286 1.4286 1.4286 1.4286 1.4286 1.4286 1.4286 1.4286 1.4286 1.4286 1.4286 1.4286 1.4286 1.4286 1.4286 1.4286 1.4286 1.4286 1.4286 1.4286 1.4286 1.4286 0 0 0 0 0 0 0 0 0 0 0 0 0 0 0 0 0 0 0 0 0 0 0 0 0 0 0 0 0 0 0 0 0 0 0 0 0 0 0 0 0 0 0 0 0 0 0 0 0 0 0 0 0 0 0 0 0 0 0 0 0 0 0 0 0 0 0 0 0 0 0 0 0 0 0 0 0 0 0 0 0 0 0 0 0 0 0 0 0 0 0 0 0 0 0 0 0 0 0 0 0 0 0 0 0 0 0 0 0 0 0 0 0 0 0
0 0 0 0 0 0 0 0 0 0 0 0 0 0 0 1.4286 1.4286 1.4286 1.4286 1.4286 1.4286 1.4286 1.4286 1.4286 1.4286 1.4286 1.4286 1.4286 1.4286 1.4286 1.4286 1.4286 1.4286 1.4286 1.4286 1.4286 1.4286 1.4286 1.4286 1.4286 1.4286 1.4286 1.4286 1.4286 1.4286 0 0 0 0 0 0 0 0 0 0 0 0 0 0 0 0 0 0 0 0 0 0 0 0 0 0 0 0 0 0 0 0 0 0 0 0 0 0 0 0 0 0 0 0 0 0 0 0 0 0 0 0 0 0 0 0 0 0 0 0 0 0 0 0 0 0 0 0 0 0 0 0 0 0 0 0 0 0 0 0 0 0 0 0 0 0 0 0 0 0 0 0 0 0 0 0 0 0 0 0 0 0 0 0 0 0 0 0 0 0 0 0 0 0 0
0 0 0 0 0 0 0 0 0 0 0 0 0 0 0 1.4286 1.4286 1.4286 1.4286 1.4286 1.4286 1.4286 1.4286 1.4286 1.4286 1.4286 1.4286 1.4286 1.4286 1.4286 1.4286 1.4286 1.4286 1.4286 1.4286 1.4286 1.4286 1.4286 1.4286 1.4286 1.4286 1.4286 1.4286 1.4286 1.4286 0 0 0 0 0 0 0 0 0 0 0 0 0 0 0 0 0 0 0 0 0 0 0 0 0 0 0 0 0 0 0 0 0 0 0 0 0 0 0 0 0 0 0 0 0 0 0 0 0 0 0 0 0 0 0 0 0 0 0 0 0 0 0 0 0 0 0 0 0 0 0 0 0 0 0 0 0 0 0 0 0 0 0 0 0 0 0 0 0 0 0 0 0 0 0 0 0 0 0 0 0 0 0 0 0 0 0 0 0 0 0 0 0 0 0
0 0 0 0 0 0 0 0 0 0 0 0 0 0 0 1.4286 1.4286 1.4286 1.4286 1.4286 1.4286 1.4286 1.4286 1.4286 1.4286 1.4286 1.4286 1.4286 1.4286 1.4286 1.4286 1.4286 1.4286 1.4286 1.4286 1.4286 1.4286 1.4286 1.4286 1.4286 1.4286 1.4286 1.4286 1.4286 1.4286 0 0 0 0 0 0 0 0 0 0 0 0 0 0 0 0 0 0 0 0 0 0 0 0 0 0 0 0 0 0 0 0 0 0 0 0 0 0 0 0 0 0 0 0 0 0 0 0 0 0 0 0 0 0 0 0 0 0 0 0 0 0 0 0 0 0 0 0 0 0 0 0 0 0 0 0 0 0 0 0 0 0 0 0 0 0 0 0 0 0 0 0 0 0 0 0 0 0 0 0 0 0 0 0 0 0 0 0 0 0 0 0 0 0 0
0 0 0 0 0 0 0 0 0 0 0 0 0 0 0 1.4286 1.4286 1.4286 1.4286 1.4286 1.4286 1.4286 1.4286 1.4286 1.4286 1.4286 1.4286 1.4286 1.4286 1.4286 1.4286 1.4286 1.4286 1.4286 1.4286 1.4286 1.4286 1.4286 1.4286 1.4286 1.4286 1.4286 1.4286 1.4286 1.4286 0 0 0 0 0 0 0 0 0 0 0 0 0 0 0 0 0 0 0 0 0 0 0 0 0 0 0 0 0 0 0 0 0 0 0 0 0 0 0 0 0 0 0 0 0 0 0 0 0 0 0 0 0 0 0 0 0 0 0 0 0 0 0 0 0 0 0 0 0 0 0 0 0 0 0 0 0 0 0 0 0 0 0 0 0 0 0 0 0 0 0 0 0 0 0 0 0 0 0 0 0 0 0 0 0 0 0 0 0 0 0 0 0 0 0
0 0 0 0 0 0 0 0 0 0 0 0 0 0 0 1.4286 1.4286 1.4286 1.4286 1.4286 1.4286 1.4286 1.4286 1.4286 1.4286 1.4286 1.4286 1.4286 1.4286 1.4286 1.4286 1.4286 1.4286 1.4286 1.4286 1.4286 1.4286 1.4286 1.4286 1.4286 1.4286 1.4286 1.4286 1.4286 1.4286 0 0 0 0 0 0 0 0 0 0 0 0 0 0 0 0 0 0 0 0 0 0 0 0 0 0 0 0 0 0 0 0 0 0 0 0 0 0 0 0 0 0 0 0 0 0 0 0 0 0 0 0 0 0 0 0 0 0 0 0 0 0 0 0 0 0 0 0 0 0 0 0 0 0 0 0 0 0 0 0 0 0 0 0 0 0 0 0 0 0 0 0 0 0 0 0 0 0 0 0 0 0 0 0 0 0 0 0 0 0 0 0 0 0 0
0 0 0 0 0 0 0 0 0 0 0 0 0 0 0 1.4286 1.4286 1.4286 1.4286 1.4286 1.4286 1.4286 1.4286 1.4286 1.4286 1.4286 1.4286 1.4286 1.4286 1.4286 1.4286 1.4286 1.4286 1.4286 1.4286 1.4286 1.4286 1.4286 1.4286 1.4286 1.4286 1.4286 1.4286 1.4286 1.4286 0 0 0 0 0 0 0 0 0 0 0 0 0 0 0 0 0 0 0 0 0 0 0 0 0 0 0 0 0 0 0 0 0 0 0 0 0 0 0 0 0 0 0 0 0 0 0 0 0 0 0 0 0 0 0 0 0 0 0 0 0 0 0 0 0 0 0 0 0 0 0 0 0 0 0 0 0 0 0 0 0 0 0 0 0 0 0 0 0 0 0 0 0 0 0 0 0 0 0 0 0 0 0 0 0 0 0 0 0 0 0 0 0 0 0
0 0 0 0 0 0 0 0 0 0 0 0 0 0 0 1.4286 1.4286 1.4286 1.4286 1.4286 1.4286 1.4286 1.4286 1.4286 1.4286 1.4286 1.4286 1.4286 1.4286 1.4286 1.4286 1.4286 1.4286 1.4286 1.4286 1.4286 1.4286 1.4286 1.4286 1.4286 1.4286 1.4286 1.4286 1.4286 1.4286 0 0 0 0 0 0 0 0 0 0 0 0 0 0 0 0 0 0 0 0 0 0 0 0 0 0 0 0 0 0 0 0 0 0 0 0 0 0 0 0 0 0 0 0 0 0 0 0 0 0 0 0 0 0 0 0 0 0 0 0 0 0 0 0 0 0 0 0 0 0 0 0 0 0 0 0 0 0 0 0 0 0 0 0 0 0 0 0 0 0 0 0 0 0 0 0 0 0 0 0 0 0 0 0 0 0 0 0 0 0 0 0 0 0 0
0 0 0 0 0 0 0 0 0 0 0 0 0 0 0 1.4286 1.4286 1.4286 1.4286 1.4286 1.4286 1.4286 1.4286 1.4286 1.4286 1.4286 1.4286 1.4286 1.4286 1.4286 1.4286 1.4286 1.4286 1.4286 1.4286 1.4286 1.4286 1.4286 1.4286 1.4286 1.4286 1.4286 1.4286 1.4286 1.4286 0 0 0 0 0 0 0 0 0 0 0 0 0 0 0 0 0 0 0 0 0 0 0 0 0 0 0 0 0 0 0 0 0 0 0 0 0 0 0 0 0 0 0 0 0 0 0 0 0 0 0 0 0 0 0 0 0 0 0 0 0 0 0 0 0 0 0 0 0 0 0 0 0 0 0 0 0 0 0 0 0 0 0 0 0 0 0 0 0 0 0 0 0 0 0 0 0 0 0 0 0 0 0 0 0 0 0 0 0 0 0 0 0 0 0
0 0 0 0 0 0 0 0 0 0 0 0 0 0 0 1.4286 1.4286 1.4286 1.4286 1.4286 1.4286 1.4286 1.4286 1.4286 1.4286 1.4286 1.4286 1.4286 1.4286 1.4286 1.4286 1.4286 1.4286 1.4286 1.4286 1.4286 1.4286 1.4286 1.4286 1.4286 1.4286 1.4286 1.4286 1.4286 1.4286 0 0 0 0 0 0 0 0 0 0 0 0 0 0 0 0 0 0 0 0 0 0 0 0 0 0 0 0 0 0 0 0 0 0 0 0 0 0 0 0 0 0 0 0 0 0 0 0 0 0 0 0 0 0 0 0 0 0 0 0 0 0 0 0 0 0 0 0 0 0 0 0 0 0 0 0 0 0 0 0 0 0 0 0 0 0 0 0 0 0 0 0 0 0 0 0 0 0 0 0 0 0 0 0 0 0 0 0 0 0 0 0 0 0 0
0 0 0 0 0 0 0 0 0 0 0 0 0 0 0 1.4286 1.4286 1.4286 1.4286 1.4286 1.4286 1.4286 1.4286 1.4286 1.4286 1.4286 1.4286 1.4286 1.4286 1.4286 1.4286 1.4286 1.4286 1.4286 1.4286 1.4286 1.4286 1.4286 1.4286 1.4286 1.4286 1.4286 1.4286 1.4286 1.4286 0 0 0 0 0 0 0 0 0 0 0 0 0 0 0 0 0 0 0 0 0 0 0 0 0 0 0 0 0 0 0 0 0 0 0 0 0 0 0 0 0 0 0 0 0 0 0 0 0 0 0 0 0 0 0 0 0 0 0 0 0 0 0 0 0 0 0 0 0 0 0 0 0 0 0 0 0 0 0 0 0 0 0 0 0 0 0 0 0 0 0 0 0 0 0 0 0 0 0 0 0 0 0 0 0 0 0 0 0 0 0 0 0 0 0
0 0 0 0 0 0 0 0 0 0 0 0 0 0 0 1.4286 1.4286 1.4286 1.4286 1.4286 1.4286 1.4286 1.4286 1.4286 1.4286 1.4286 1.4286 1.4286 1.4286 1.4286 1.4286 1.4286 1.4286 1.4286 1.4286 1.4286 1.4286 1.4286 1.4286 1.4286 1.4286 1.4286 1.4286 1.4286 1.4286 0 0 0 0 0 0 0 0 0 0 0 0 0 0 0 0 0 0 0 0 0 0 0 0 0 0 0 0 0 0 0 0 0 0 0 0 0 0 0 0 0 0 0 0 0 0 0 0 0 0 0 0 0 0 0 0 0 0 0 0 0 0 0 0 0 0 0 0 0 0 0 0 0 0 0 0 0 0 0 0 0 0 0 0 0 0 0 0 0 0 0 0 0 0 0 0 0 0 0 0 0 0 0 0 0 0 0 0 0 0 0 0 0 0 0
0 0 0 0 0 0 0 0 0 0 0 0 0 0 0 1.4286 1.4286 1.4286 1.4286 1.4286 1.4286 1.4286 1.4286 1.4286 1.4286 1.4286 1.4286 1.4286 1.4286 1.4286 1.4286 1.4286 1.4286 1.4286 1.4286 1.4286 1.4286 1.4286 1.4286 1.4286 1.4286 1.4286 1.4286 1.4286 1.4286 0 0 0 0 0 0 0 0 0 0 0 0 0 0 0 0 0 0 0 0 0 0 0 0 0 0 0 0 0 0 0 0 0 0 0 0 0 0 0 0 0 0 0 0 0 0 0 0 0 0 0 0 0 0 0 0 0 0 0 0 0 0 0 0 0 0 0 0 0 0 0 0 0 0 0 0 0 0 0 0 0 0 0 0 0 0 0 0 0 0 0 0 0 0 0 0 0 0 0 0 0 0 0 0 0 0 0 0 0 0 0 0 0 0 0
0 0 0 0 0 0 0 0 0 0 0 0 0 0 0 1.4286 1.4286 1.4286 1.4286 1.4286 1.4286 1.4286 1.4286 1.4286 1.4286 1.4286 1.4286 1.4286 1.4286 1.4286 1.4286 1.4286 1.4286 1.4286 1.4286 1.4286 1.4286 1.4286 1.4286 1.4286 1.4286 1.4286 1.4286 1.4286 1.4286 0 0 0 0 0 0 0 0 0 0 0 0 0 0 0 0 0 0 0 0 0 0 0 0 0 0 0 0 0 0 0 0 0 0 0 0 0 0 0 0 0 0 0 0 0 0 0 0 0 0 0 0 0 0 0 0 0 0 0 0 0 0 0 0 0 0 0 0 0 0 0 0 0 0 0 0 0 0 0 0 0 0 0 0 0 0 0 0 0 0 0 0 0 0 0 0 0 0 0 0 0 0 0 0 0 0 0 0 0 0 0 0 0 0 0
0 0 0 0 0 0 0 0 0 0 0 0 0 0 0 1.4286 1.4286 1.4286 1.4286 1.4286 1.4286 1.4286 1.4286 1.4286 1.4286 1.4286 1.4286 1.4286 1.4286 1.4286 1.4286 1.4286 1.4286 1.4286 1.4286 1.4286 1.4286 1.4286 1.4286 1.4286 1.4286 1.4286 1.4286 1.4286 1.4286 0 0 0 0 0 0 0 0 0 0 0 0 0 0 0 0 0 0 0 0 0 0 0 0 0 0 0 0 0 0 0 0 0 0 0 0 0 0 0 0 0 0 0 0 0 0 0 0 0 0 0 0 0 0 0 0 0 0 0 0 0 0 0 0 0 0 0 0 0 0 0 0 0 0 0 0 0 0 0 0 0 0 0 0 0 0 0 0 0 0 0 0 0 0 0 0 0 0 0 0 0 0 0 0 0 0 0 0 0 0 0 0 0 0 0
0 0 0 0 0 0 0 0 0 0 0 0 0 0 0 1.4286 1.4286 1.4286 1.4286 1.4286 1.4286 1.4286 1.4286 1.4286 1.4286 1.4286 1.4286 1.4286 1.4286 1.4286 1.4286 1.4286 1.4286 1.4286 1.4286 1.4286 1.4286 1.4286 1.4286 1.4286 1.4286 1.4286 1.4286 1.4286 1.4286 0 0 0 0 0 0 0 0 0 0 0 0 0 0 0 0 0 0 0 0 0 0 0 0 0 0 0 0 0 0 0 0 0 0 0 0 0 0 0 0 0 0 0 0 0 0 0 0 0 0 0 0 0 0 0 0 0 0 0 0 0 0 0 0 0 0 0 0 0 0 0 0 0 0 0 0 0 0 0 0 0 0 0 0 0 0 0 0 0 0 0 0 0 0 0 0 0 0 0 0 0 0 0 0 0 0 0 0 0 0 0 0 0 0 0
0 0 0 0 0 0 0 0 0 0 0 0 0 0 0 1.4286 1.4286 1.4286 1.4286 1.4286 1.4286 1.4286 1.4286 1.4286 1.4286 1.4286 1.4286 1.4286 1.4286 1.4286 1.4286 1.4286 1.4286 1.4286 1.4286 1.4286 1.4286 1.4286 1.4286 1.4286 1.4286 1.4286 1.4286 1.4286 1.4286 0 0 0 0 0 0 0 0 0 0 0 0 0 0 0 0 0 0 0 0 0 0 0 0 0 0 0 0 0 0 0 0 0 0 0 0 0 0 0 0 0 0 0 0 0 0 0 0 0 0 0 0 0 0 0 0 0 0 0 0 0 0 0 0 0 0 0 0 0 0 0 0 0 0 0 0 0 0 0 0 0 0 0 0 0 0 0 0 0 0 0 0 0 0 0 0 0 0 0 0 0 0 0 0 0 0 0 0 0 0 0 0 0 0 0
0 0 0 0 0 0 0 0 0 0 0 0 0 0 0 1.4286 1.4286 1.4286 1.4286 1.4286 1.4286 1.4286 1.4286 1.4286 1.4286 1.4286 1.4286 1.4286 1.4286 1.4286 1.4286 1.4286 1.4286 1.4286 1.4286 1.4286 1.4286 1.4286 1.4286 1.4286 1.4286 1.4286 1.4286 1.4286 1.4286 0 0 0 0 0 0 0 0 0 0 0 0 0 0 0 0 0 0 0 0 0 0 0 0 0 0 0 0 0 0 0 0 0 0 0 0 0 0 0 0 0 0 0 0 0 0 0 0 0 0 0 0 0 0 0 0 0 0 0 0 0 0 0 0 0 0 0 0 0 0 0 0 0 0 0 0 0 0 0 0 0 0 0 0 0 0 0 0 0 0 0 0 0 0 0 0 0 0 0 0 0 0 0 0 0 0 0 0 0 0 0 0 0 0 0
0 0 0 0 0 0 0 0 0 0 0 0 0 0 0 1.4286 1.4286 1.4286 1.4286 1.4286 1.4286 1.4286 1.4286 1.4286 1.4286 1.4286 1.4286 1.4286 1.4286 1.4286 1.4286 1.4286 1.4286 1.4286 1.4286 1.4286 1.4286 1.4286 1.4286 1.4286 1.4286 1.4286 1.4286 1.4286 1.4286 0 0 0 0 0 0 0 0 0 0 0 0 0 0 0 0 0 0 0 0 0 0 0 0 0 0 0 0 0 0 0 0 0 0 0 0 0 0 0 0 0 0 0 0 0 0 0 0 0 0 0 0 0 0 0 0 0 0 0 0 0 0 0 0 0 0 0 0 0 0 0 0 0 0 0 0 0 0 0 0 0 0 0 0 0 0 0 0 0 0 0 0 0 0 0 0 0 0 0 0 0 0 0 0 0 0 0 0 0 0 0 0 0 0 0
0 0 0 0 0 0 0 0 0 0 0 0 0 0 0 1.4286 1.4286 1.4286 1.4286 1.4286 1.4286 1.4286 1.4286 1.4286 1.4286 1.4286 1.4286 1.4286 1.4286 1.4286 1.4286 1.4286 1.4286 1.4286 1.4286 1.4286 1.4286 1.4286 1.4286 1.4286 1.4286 1.4286 1.4286 1.4286 1.4286 0 0 0 0 0 0 0 0 0 0 0 0 0 0 0 0 0 0 0 0 0 0 0 0 0 0 0 0 0 0 0 0 0 0 0 0 0 0 0 0 0 0 0 0 0 0 0 0 0 0 0 0 0 0 0 0 0 0 0 0 0 0 0 0 0 0 0 0 0 0 0 0 0 0 0 0 0 0 0 0 0 0 0 0 0 0 0 0 0 0 0 0 0 0 0 0 0 0 0 0 0 0 0 0 0 0 0 0 0 0 0 0 0 0 0
0 0 0 0 0 0 0 0 0 0 0 0 0 0 0 1.4286 1.4286 1.4286 1.4286 1.4286 1.4286 1.4286 1.4286 1.4286 1.4286 1.4286 1.4286 1.4286 1.4286 1.4286 1.4286 1.4286 1.4286 1.4286 1.4286 1.4286 1.4286 1.4286 1.4286 1.4286 1.4286 1.4286 1.4286 1.4286 1.4286 0 0 0 0 0 0 0 0 0 0 0 0 0 0 0 0 0 0 0 0 0 0 0 0 0 0 0 0 0 0 0 0 0 0 0 0 0 0 0 0 0 0 0 0 0 0 0 0 0 0 0 0 0 0 0 0 0 0 0 0 0 0 0 0 0 0 0 0 0 0 0 0 0 0 0 0 0 0 0 0 0 0 0 0 0 0 0 0 0 0 0 0 0 0 0 0 0 0 0 0 0 0 0 0 0 0 0 0 0 0 0 0 0 0 0
0 0 0 0 0 0 0 0 0 0 0 0 0 0 0 1.4286 1.4286 1.4286 1.4286 1.4286 1.4286 1.4286 1.4286 1.4286 1.4286 1.4286 1.4286 1.4286 1.4286 1.4286 1.4286 1.4286 1.4286 1.4286 1.4286 1.4286 1.4286 1.4286 1.4286 1.4286 1.4286 1.4286 1.4286 1.4286 1.4286 0 0 0 0 0 0 0 0 0 0 0 0 0 0 0 0 0 0 0 0 0 0 0 0 0 0 0 0 0 0 0 0 0 0 0 0 0 0 0 0 0 0 0 0 0 0 0 0 0 0 0 0 0 0 0 0 0 0 0 0 0 0 0 0 0 0 0 0 0 0 0 0 0 0 0 0 0 0 0 0 0 0 0 0 0 0 0 0 0 0 0 0 0 0 0 0 0 0 0 0 0 0 0 0 0 0 0 0 0 0 0 0 0 0 0
0 0 0 0 0 0 0 0 0 0 0 0 0 0 0 1.4286 1.4286 1.4286 1.4286 1.4286 1.4286 1.4286 1.4286 1.4286 1.4286 1.4286 1.4286 1.4286 1.4286 1.4286 1.4286 1.4286 1.4286 1.4286 1.4286 1.4286 1.4286 1.4286 1.4286 1.4286 1.4286 1.4286 1.4286 1.4286 1.4286 0 0 0 0 0 0 0 0 0 0 0 0 0 0 0 0 0 0 0 0 0 0 0 0 0 0 0 0 0 0 0 0 0 0 0 0 0 0 0 0 0 0 0 0 0 0 0 0 0 0 0 0 0 0 0 0 0 0 0 0 0 0 0 0 0 0 0 0 0 0 0 0 0 0 0 0 0 0 0 0 0 0 0 0 0 0 0 0 0 0 0 0 0 0 0 0 0 0 0 0 0 0 0 0 0 0 0 0 0 0 0 0 0 0 0
0 0 0 0 0 0 0 0 0 0 0 0 0 0 0 1.4286 1.4286 1.4286 1.4286 1.4286 1.4286 1.4286 1.4286 1.4286 1.4286 1.4286 1.4286 1.4286 1.4286 1.4286 1.4286 1.4286 1.4286 1.4286 1.4286 1.4286 1.4286 1.4286 1.4286 1.4286 1.4286 1.4286 1.4286 1.4286 1.4286 0 0 0 0 0 0 0 0 0 0 0 0 0 0 0 0 0 0 0 0 0 0 0 0 0 0 0 0 0 0 0 0 0 0 0 0 0 0 0 0 0 0 0 0 0 0 0 0 0 0 0 0 0 0 0 0 0 0 0 0 0 0 0 0 0 0 0 0 0 0 0 0 0 0 0 0 0 0 0 0 0 0 0 0 0 0 0 0 0 0 0 0 0 0 0 0 0 0 0 0 0 0 0 0 0 0 0 0 0 0 0 0 0 0 0
0 0 0 0 0 0 0 0 0 0 0 0 0 0 0 1.4286 1.4286 1.4286 1.4286 1.4286 1.4286 1.4286 1.4286 1.4286 1.4286 1.4286 1.4286 1.4286 1.4286 1.4286 1.4286 1.4286 1.4286 1.4286 1.4286 1.4286 1.4286 1.4286 1.4286 1.4286 1.4286 1.4286 1.4286 1.4286 1.4286 0 0 0 0 0 0 0 0 0 0 0 0 0 0 0 0 0 0 0 0 0 0 0 0 0 0 0 0 0 0 0 0 0 0 0 0 0 0 0 0 0 0 0 0 0 0 0 0 0 0 0 0 0 0 0 0 0 0 0 0 0 0 0 0 0 0 0 0 0 0 0 0 0 0 0 0 0 0 0 0 0 0 0 0 0 0 0 0 0 0 0 0 0 0 0 0 0 0 0 0 0 0 0 0 0 0 0 0 0 0 0 0 0 0 0
0 0 0 0 0 0 0 0 0 0 0 0 0 0 0 1.4286 1.4286 1.4286 1.4286 1.4286 1.4286 1.4286 1.4286 1.4286 1.4286 1.4286 1.4286 1.4286 1.4286 1.4286 1.4286 1.4286 1.4286 1.4286 1.4286 1.4286 1.4286 1.4286 1.4286 1.4286 1.4286 1.4286 1.4286 1.4286 1.4286 0 0 0 0 0 0 0 0 0 0 0 0 0 0 0 0 0 0 0 0 0 0 0 0 0 0 0 0 0 0 0 0 0 0 0 0 0 0 0 0 0 0 0 0 0 0 0 0 0 0 0 0 0 0 0 0 0 0 0 0 0 0 0 0 0 0 0 0 0 0 0 0 0 0 0 0 0 0 0 0 0 0 0 0 0 0 0 0 0 0 0 0 0 0 0 0 0 0 0 0 0 0 0 0 0 0 0 0 0 0 0 0 0 0 0
0 0 0 0 0 0 0 0 0 0 0 0 0 0 0 1.4286 1.4286 1.4286 1.4286 1.4286 1.4286 1.4286 1.4286 1.4286 1.4286 1.4286 1.4286 1.4286 1.4286 1.4286 1.4286 1.4286 1.4286 1.4286 1.4286 1.4286 1.4286 1.4286 1.4286 1.4286 1.4286 1.4286 1.4286 1.4286 1.4286 0 0 0 0 0 0 0 0 0 0 0 0 0 0 0 0 0 0 0 0 0 0 0 0 0 0 0 0 0 0 0 0 0 0 0 0 0 0 0 0 0 0 0 0 0 0 0 0 0 0 0 0 0 0 0 0 0 0 0 0 0 0 0 0 0 0 0 0 0 0 0 0 0 0 0 0 0 0 0 0 0 0 0 0 0 0 0 0 0 0 0 0 0 0 0 0 0 0 0 0 0 0 0 0 0 0 0 0 0 0 0 0 0 0 0
