0 0 0 0 0 0 0 0 0 0 0 0 0 0 0 4.119 4.119 4.119 4.119 4.119 4.119 4.119 4.119 4.119 4.119 4.119 4.119 4.119 4.119 4.119 4.119 4.119 4.119 4.119 4.119 4.119 4.119 4.119 4.119 4.119 4.119 4.119 4.119 4.119 4.119 4.119 4.119 4.119 4.119 4.119 4.119 4.119 4.119 4.119 4.119 4.119 4.119 4.119 4.119 4.119 4.119 4.119 4.119 4.119 4.119 4.119 4.119 4.119 4.119 4.119 4.119 4.119 4.119 4.119 4.119 0 0 0 0 0 0 0 0 0 0 0 0 0 0 0 0 0 0 0 0 0 0 0 0 0 0 0 0 0 0 0 0 0 0 0 0 0 0 0 0 0 0 0 0 0 0 0 0 0 0 0 0 0 0 0 0 0 0 0 0 0 0 0 0 0 0 0 0 0 0 0 0 0 0 0 0 0 0 0 0 0 0 0 0 0 0 0 0 0 0 0 0 0 0 0 0 0 0 0 0 0 0 0 0 0
0 0 0 0 0 0 0 0 0 0 0 0 0 0 0 4.119 4.119 4.119 4.119 4.119 4.119 4.119 4.119 4.119 4.119 4.119 4.119 4.119 4.119 4.119 4.119 4.119 4.119 4.119 4.119 4.119 4.119 4.119 4.119 4.119 4.119 4.119 4.119 4.119 4.119 4.119 4.119 4.119 4.119 4.119 4.119 4.119 4.119 4.119 4.119 4.119 4.119 4.119 4.119 4.119 4.119 4.119 4.119 4.119 4.119 4.119 4.119 4.119 4.119 4.119 4.119 4.119 4.119 4.119 4.119 0 0 0 0 0 0 0 0 0 0 0 0 0 0 0 0 0 0 0 0 0 0 0 0 0 0 0 0 0 0 0 0 0 0 0 0 0 0 0 0 0 0 0 0 0 0 0 0 0 0 0 0 0 0 0 0 0 0 0 0 0 0 0 0 0 0 0 0 0 0 0 0 0 0 0 0 0 0 0 0 0 0 0 0 0 0 0 0 0 0 0 0 0 0 0 0 0 0 0 0 0 0 0 0 0
0 0 0 0 0 0 0 0 0 0 0 0 0 0 0 4.119 4.119 4.119 4.119 4.119 4.119 4.119 4.119 4.119 4.119 4.119 4.119 4.119 4.119 4.119 4.119 4.119 4.119 4.119 4.119 4.119 4.119 4.119 4.119 4.119 4.119 4.119 4.119 4.119 4.119 4.119 4.119 4.119 4.119 4.119 4.119 4.119 4.119 4.119 4.119 4.119 4.119 4.119 4.119 4.119 4.119 4.119 4.119 4.119 4.119 4.119 4.119 4.119 4.119 4.119 4.119 4.119 4.119 4.119 4.119 0 0 0 0 0 0 0 0 0 0 0 0 0 0 0 0 0 0 0 0 0 0 0 0 0 0 0 0 0 0 0 0 0 0 0 0 0 0 0 0 0 0 0 0 0 0 0 0 0 0 0 0 0 0 0 0 0 0 0 0 0 0 0 0 0 0 0 0 0 0 0 0 0 0 0 0 0 0 0 0 0 0 0 0 0 0 0 0 0 0 0 0 0 0 0 0 0 0 0 0 0 0 0 0 0
0 0 0 0 0 0 0 0 0 0 0 0 0 0 0 4.119 4.119 4.119 4.119 4.119 4.119 4.119 4.119 4.119 4.119 4.119 4.119 4.119 4.119 4.119 4.119 4.119 4.119 4.119 4.119 4.119 4.119 4.119 4.119 4.119 4.119 4.119 4.119 4.119 4.119 4.119 4.119 4.119 4.119 4.119 4.119 4.119 4.119 4.119 4.119 4.119 4.119 4.119 4.119 4.119 4.119 4.119 4.119 4.119 4.119 4.119 4.119 4.119 4.119 4.119 4.119 4.119 4.119 4.119 4.119 0 0 0 0 0 0 0 0 0 0 0 0 0 0 0 0 0 0 0 0 0 0 0 0 0 0 0 0 0 0 0 0 0 0 0 0 0 0 0 0 0 0 0 0 0 0 0 0 0 0 0 0 0 0 0 0 0 0 0 0 0 0 0 0 0 0 0 0 0 0 0 0 0 0 0 0 0 0 0 0 0 0 0 0 0 0 0 0 0 0 0 0 0 0 0 0 0 0 0 0 0 0 0 0 0
0 0 0 0 0 0 0 0 0 0 0 0 0 0 0 4.119 4.119 4.119 4.119 4.119 4.119 4.119 4.119 4.119 4.119 4.119 4.119 4.119 4.119 4.119 4.119 4.119 4.119 4.119 4.119 4.119 4.119 4.119 4.119 4.119 4.119 4.119 4.119 4.119 4.119 4.119 4.119 4.119 4.119 4.119 4.119 4.119 4.119 4.119 4.119 4.119 4.119 4.119 4.119 4.119 4.119 4.119 4.119 4.119 4.119 4.119 4.119 4.119 4.119 4.119 4.119 4.119 4.119 4.119 4.119 0 0 0 0 0 0 0 0 0 0 0 0 0 0 0 0 0 0 0 0 0 0 0 0 0 0 0 0 0 0 0 0 0 0 0 0 0 0 0 0 0 0 0 0 0 0 0 0 0 0 0 0 0 0 0 0 0 0 0 0 0 0 0 0 0 0 0 0 0 0 0 0 0 0 0 0 0 0 0 0 0 0 0 0 0 0 0 0 0 0 0 0 0 0 0 0 0 0 0 0 0 0 0 0 0
0 0 0 0 0 0 0 0 0 0 0 0 0 0 0 4.119 4.119 4.119 4.119 4.119 4.119 4.119 4.119 4.119 4.119 4.119 4.119 4.119 4.119 4.119 4.119 4.119 4.119 4.119 4.119 4.119 4.119 4.119 4.119 4.119 4.119 4.119 4.119 4.119 4.119 4.119 4.119 4.119 4.119 4.119 4.119 4.119 4.119 4.119 4.119 4.119 4.119 4.119 4.119 4.119 4.119 4.119 4.119 4.119 4.119 4.119 4.119 4.119 4.119 4.119 4.119 4.119 4.119 4.119 4.119 0 0 0 0 0 0 0 0 0 0 0 0 0 0 0 0 0 0 0 0 0 0 0 0 0 0 0 0 0 0 0 0 0 0 0 0 0 0 0 0 0 0 0 0 0 0 0 0 0 0 0 0 0 0 0 0 0 0 0 0 0 0 0 0 0 0 0 0 0 0 0 0 0 0 0 0 0 0 0 0 0 0 0 0 0 0 0 0 0 0 0 0 0 0 0 0 0 0 0 0 0 0 0 0 0
0 0 0 0 0 0 0 0 0 0 0 0 0 0 0 4.119 4.119 4.119 4.119 4.119 4.119 4.119 4.119 4.119 4.119 4.119 4.119 4.119 4.119 4.119 4.119 4.119 4.119 4.119 4.119 4.119 4.119 4.119 4.119 4.119 4.119 4.119 4.119 4.119 4.119 4.119 4.119 4.119 4.119 4.119 4.119 4.119 4.119 4.119 4.119 4.119 4.119 4.119 4.119 4.119 4.119 4.119 4.119 4.119 4.119 4.119 4.119 4.119 4.119 4.119 4.119 4.119 4.119 4.119 4.119 0 0 0 0 0 0 0 0 0 0 0 0 0 0 0 0 0 0 0 0 0 0 0 0 0 0 0 0 0 0 0 0 0 0 0 0 0 0 0 0 0 0 0 0 0 0 0 0 0 0 0 0 0 0 0 0 0 0 0 0 0 0 0 0 0 0 0 0 0 0 0 0 0 0 0 0 0 0 0 0 0 0 0 0 0 0 0 0 0 0 0 0 0 0 0 0 0 0 0 0 0 0 0 0 0
0 0 0 0 0 0 0 0 0 0 0 0 0 0 0 4.119 4.119 4.119 4.119 4.119 4.119 4.119 4.119 4.119 4.119 4.119 4.119 4.119 4.119 4.119 4.119 4.119 4.119 4.119 4.119 4.119 4.119 4.119 4.119 4.119 4.119 4.119 4.119 4.119 4.119 4.119 4.119 4.119 4.119 4.119 4.119 4.119 4.119 4.119 4.119 4.119 4.119 4.119 4.119 4.119 4.119 4.119 4.119 4.119 4.119 4.119 4.119 4.119 4.119 4.119 4.119 4.119 4.119 4.119 4.119 0 0 0 0 0 0 0 0 0 0 0 0 0 0 0 0 0 0 0 0 0 0 0 0 0 0 0 0 0 0 0 0 0 0 0 0 0 0 0 0 0 0 0 0 0 0 0 0 0 0 0 0 0 0 0 0 0 0 0 0 0 0 0 0 0 0 0 0 0 0 0 0 0 0 0 0 0 0 0 0 0 0 0 0 0 0 0 0 0 0 0 0 0 0 0 0 0 0 0 0 0 0 0 0 0
0 0 0 0 0 0 0 0 0 0 0 0 0 0 0 4.119 4.119 4.119 4.119 4.119 4.119 4.119 4.119 4.119 4.119 4.119 4.119 4.119 4.119 4.119 4.119 4.119 4.119 4.119 4.119 4.119 4.119 4.119 4.119 4.119 4.119 4.119 4.119 4.119 4.119 4.119 4.119 4.119 4.119 4.119 4.119 4.119 4.119 4.119 4.119 4.119 4.119 4.119 4.119 4.119 4.119 4.119 4.119 4.119 4.119 4.119 4.119 4.119 4.119 4.119 4.119 4.119 4.119 4.119 4.119 0 0 0 0 0 0 0 0 0 0 0 0 0 0 0 0 0 0 0 0 0 0 0 0 0 0 0 0 0 0 0 0 0 0 0 0 0 0 0 0 0 0 0 0 0 0 0 0 0 0 0 0 0 0 0 0 0 0 0 0 0 0 0 0 0 0 0 0 0 0 0 0 0 0 0 0 0 0 0 0 0 0 0 0 0 0 0 0 0 0 0 0 0 0 0 0 0 0 0 0 0 0 0 0 0
0 0 0 0 0 0 0 0 0 0 0 0 0 0 0 4.119 4.119 4.119 4.119 4.119 4.119 4.119 4.119 4.119 4.119 4.119 4.119 4.119 4.119 4.119 4.119 4.119 4.119 4.119 4.119 4.119 4.119 4.119 4.119 4.119 4.119 4.119 4.119 4.119 4.119 4.119 4.119 4.119 4.119 4.119 4.119 4.119 4.119 4.119 4.119 4.119 4.119 4.119 4.119 4.119 4.119 4.119 4.119 4.119 4.119 4.119 4.119 4.119 4.119 4.119 4.119 4.119 4.119 4.119 4.119 0 0 0 0 0 0 0 0 0 0 0 0 0 0 0 0 0 0 0 0 0 0 0 0 0 0 0 0 0 0 0 0 0 0 0 0 0 0 0 0 0 0 0 0 0 0 0 0 0 0 0 0 0 0 0 0 0 0 0 0 0 0 0 0 0 0 0 0 0 0 0 0 0 0 0 0 0 0 0 0 0 0 0 0 0 0 0 0 0 0 0 0 0 0 0 0 0 0 0 0 0 0 0 0 0
0 0 0 0 0 0 0 0 0 0 0 0 0 0 0 4.119 4.119 4.119 4.119 4.119 4.119 4.119 4.119 4.119 4.119 4.119 4.119 4.119 4.119 4.119 4.119 4.119 4.119 4.119 4.119 4.119 4.119 4.119 4.119 4.119 4.119 4.119 4.119 4.119 4.119 4.119 4.119 4.119 4.119 4.119 4.119 4.119 4.119 4.119 4.119 4.119 4.119 4.119 4.119 4.119 4.119 4.119 4.119 4.119 4.119 4.119 4.119 4.119 4.119 4.119 4.119 4.119 4.119 4.119 4.119 0 0 0 0 0 0 0 0 0 0 0 0 0 0 0 0 0 0 0 0 0 0 0 0 0 0 0 0 0 0 0 0 0 0 0 0 0 0 0 0 0 0 0 0 0 0 0 0 0 0 0 0 0 0 0 0 0 0 0 0 0 0 0 0 0 0 0 0 0 0 0 0 0 0 0 0 0 0 0 0 0 0 0 0 0 0 0 0 0 0 0 0 0 0 0 0 0 0 0 0 0 0 0 0 0
0 0 0 0 0 0 0 0 0 0 0 0 0 0 0 4.119 4.119 4.119 4.119 4.119 4.119 4.119 4.119 4.119 4.119 4.119 4.119 4.119 4.119 4.119 4.119 4.119 4.119 4.119 4.119 4.119 4.119 4.119 4.119 4.119 4.119 4.119 4.119 4.119 4.119 4.119 4.119 4.119 4.119 4.119 4.119 4.119 4.119 4.119 4.119 4.119 4.119 4.119 4.119 4.119 4.119 4.119 4.119 4.119 4.119 4.119 4.119 4.119 4.119 4.119 4.119 4.119 4.119 4.119 4.119 0 0 0 0 0 0 0 0 0 0 0 0 0 0 0 0 0 0 0 0 0 0 0 0 0 0 0 0 0 0 0 0 0 0 0 0 0 0 0 0 0 0 0 0 0 0 0 0 0 0 0 0 0 0 0 0 0 0 0 0 0 0 0 0 0 0 0 0 0 0 0 0 0 0 0 0 0 0 0 0 0 0 0 0 0 0 0 0 0 0 0 0 0 0 0 0 0 0 0 0 0 0 0 0 0
0 0 0 0 0 0 0 0 0 0 0 0 0 0 0 4.119 4.119 4.119 4.119 4.119 4.119 4.119 4.119 4.119 4.119 4.119 4.119 4.119 4.119 4.119 4.119 4.119 4.119 4.119 4.119 4.119 4.119 4.119 4.119 4.119 4.119 4.119 4.119 4.119 4.119 4.119 4.119 4.119 4.119 4.119 4.119 4.119 4.119 4.119 4.119 4.119 4.119 4.119 4.119 4.119 4.119 4.119 4.119 4.119 4.119 4.119 4.119 4.119 4.119 4.119 4.119 4.119 4.119 4.119 4.119 0 0 0 0 0 0 0 0 0 0 0 0 0 0 0 0 0 0 0 0 0 0 0 0 0 0 0 0 0 0 0 0 0 0 0 0 0 0 0 0 0 0 0 0 0 0 0 0 0 0 0 0 0 0 0 0 0 0 0 0 0 0 0 0 0 0 0 0 0 0 0 0 0 0 0 0 0 0 0 0 0 0 0 0 0 0 0 0 0 0 0 0 0 0 0 0 0 0 0 0 0 0 0 0 0
0 0 0 0 0 0 0 0 0 0 0 0 0 0 0 4.119 4.119 4.119 4.119 4.119 4.119 4.119 4.119 4.119 4.119 4.119 4.119 4.119 4.119 4.119 4.119 4.119 4.119 4.119 4.119 4.119 4.119 4.119 4.119 4.119 4.119 4.119 4.119 4.119 4.119 4.119 4.119 4.119 4.119 4.119 4.119 4.119 4.119 4.119 4.119 4.119 4.119 4.119 4.119 4.119 4.119 4.119 4.119 4.119 4.119 4.119 4.119 4.119 4.119 4.119 4.119 4.119 4.119 4.119 4.119 0 0 0 0 0 0 0 0 0 0 0 0 0 0 0 0 0 0 0 0 0 0 0 0 0 0 0 0 0 0 0 0 0 0 0 0 0 0 0 0 0 0 0 0 0 0 0 0 0 0 0 0 0 0 0 0 0 0 0 0 0 0 0 0 0 0 0 0 0 0 0 0 0 0 0 0 0 0 0 0 0 0 0 0 0 0 0 0 0 0 0 0 0 0 0 0 0 0 0 0 0 0 0 0 0
0 0 0 0 0 0 0 0 0 0 0 0 0 0 0 4.119 4.119 4.119 4.119 4.119 4.119 4.119 4.119 4.119 4.119 4.119 4.119 4.119 4.119 4.119 4.119 4.119 4.119 4.119 4.119 4.119 4.119 4.119 4.119 4.119 4.119 4.119 4.119 4.119 4.119 4.119 4.119 4.119 4.119 4.119 4.119 4.119 4.119 4.119 4.119 4.119 4.119 4.119 4.119 4.119 4.119 4.119 4.119 4.119 4.119 4.119 4.119 4.119 4.119 4.119 4.119 4.119 4.119 4.119 4.119 0 0 0 0 0 0 0 0 0 0 0 0 0 0 0 0 0 0 0 0 0 0 0 0 0 0 0 0 0 0 0 0 0 0 0 0 0 0 0 0 0 0 0 0 0 0 0 0 0 0 0 0 0 0 0 0 0 0 0 0 0 0 0 0 0 0 0 0 0 0 0 0 0 0 0 0 0 0 0 0 0 0 0 0 0 0 0 0 0 0 0 0 0 0 0 0 0 0 0 0 0 0 0 0 0
0 0 0 0 0 0 0 0 0 0 0 0 0 0 0 4.119 4.119 4.119 4.119 4.119 4.119 4.119 4.119 4.119 4.119 4.119 4.119 4.119 4.119 4.119 4.119 4.119 4.119 4.119 4.119 4.119 4.119 4.119 4.119 4.119 4.119 4.119 4.119 4.119 4.119 4.119 4.119 4.119 4.119 4.119 4.119 4.119 4.119 4.119 4.119 4.119 4.119 4.119 4.119 4.119 4.119 4.119 4.119 4.119 4.119 4.119 4.119 4.119 4.119 4.119 4.119 4.119 4.119 4.119 4.119 0 0 0 0 0 0 0 0 0 0 0 0 0 0 0 0 0 0 0 0 0 0 0 0 0 0 0 0 0 0 0 0 0 0 0 0 0 0 0 0 0 0 0 0 0 0 0 0 0 0 0 0 0 0 0 0 0 0 0 0 0 0 0 0 0 0 0 0 0 0 0 0 0 0 0 0 0 0 0 0 0 0 0 0 0 0 0 0 0 0 0 0 0 0 0 0 0 0 0 0 0 0 0 0 0
0 0 0 0 0 0 0 0 0 0 0 0 0 0 0 4.119 4.119 4.119 4.119 4.119 4.119 4.119 4.119 4.119 4.119 4.119 4.119 4.119 4.119 4.119 4.119 4.119 4.119 4.119 4.119 4.119 4.119 4.119 4.119 4.119 4.119 4.119 4.119 4.119 4.119 4.119 4.119 4.119 4.119 4.119 4.119 4.119 4.119 4.119 4.119 4.119 4.119 4.119 4.119 4.119 4.119 4.119 4.119 4.119 4.119 4.119 4.119 4.119 4.119 4.119 4.119 4.119 4.119 4.119 4.119 0 0 0 0 0 0 0 0 0 0 0 0 0 0 0 0 0 0 0 0 0 0 0 0 0 0 0 0 0 0 0 0 0 0 0 0 0 0 0 0 0 0 0 0 0 0 0 0 0 0 0 0 0 0 0 0 0 0 0 0 0 0 0 0 0 0 0 0 0 0 0 0 0 0 0 0 0 0 0 0 0 0 0 0 0 0 0 0 0 0 0 0 0 0 0 0 0 0 0 0 0 0 0 0 0
0 0 0 0 0 0 0 0 0 0 0 0 0 0 0 4.119 4.119 4.119 4.119 4.119 4.119 4.119 4.119 4.119 4.119 4.119 4.119 4.119 4.119 4.119 4.119 4.119 4.119 4.119 4.119 4.119 4.119 4.119 4.119 4.119 4.119 4.119 4.119 4.119 4.119 4.119 4.119 4.119 4.119 4.119 4.119 4.119 4.119 4.119 4.119 4.119 4.119 4.119 4.119 4.119 4.119 4.119 4.119 4.119 4.119 4.119 4.119 4.119 4.119 4.119 4.119 4.119 4.119 4.119 4.119 0 0 0 0 0 0 0 0 0 0 0 0 0 0 0 0 0 0 0 0 0 0 0 0 0 0 0 0 0 0 0 0 0 0 0 0 0 0 0 0 0 0 0 0 0 0 0 0 0 0 0 0 0 0 0 0 0 0 0 0 0 0 0 0 0 0 0 0 0 0 0 0 0 0 0 0 0 0 0 0 0 0 0 0 0 0 0 0 0 0 0 0 0 0 0 0 0 0 0 0 0 0 0 0 0
0 0 0 0 0 0 0 0 0 0 0 0 0 0 0 4.119 4.119 4.119 4.119 4.119 4.119 4.119 4.119 4.119 4.119 4.119 4.119 4.119 4.119 4.119 4.119 4.119 4.119 4.119 4.119 4.119 4.119 4.119 4.119 4.119 4.119 4.119 4.119 4.119 4.119 4.119 4.119 4.119 4.119 4.119 4.119 4.119 4.119 4.119 4.119 4.119 4.119 4.119 4.119 4.119 4.119 4.119 4.119 4.119 4.119 4.119 4.119 4.119 4.119 4.119 4.119 4.119 4.119 4.119 4.119 0 0 0 0 0 0 0 0 0 0 0 0 0 0 0 0 0 0 0 0 0 0 0 0 0 0 0 0 0 0 0 0 0 0 0 0 0 0 0 0 0 0 0 0 0 0 0 0 0 0 0 0 0 0 0 0 0 0 0 0 0 0 0 0 0 0 0 0 0 0 0 0 0 0 0 0 0 0 0 0 0 0 0 0 0 0 0 0 0 0 0 0 0 0 0 0 0 0 0 0 0 0 0 0 0
0 0 0 0 0 0 0 0 0 0 0 0 0 0 0 4.119 4.119 4.119 4.119 4.119 4.119 4.119 4.119 4.119 4.119 4.119 4.119 4.119 4.119 4.119 4.119 4.119 4.119 4.119 4.119 4.119 4.119 4.119 4.119 4.119 4.119 4.119 4.119 4.119 4.119 4.119 4.119 4.119 4.119 4.119 4.119 4.119 4.119 4.119 4.119 4.119 4.119 4.119 4.119 4.119 4.119 4.119 4.119 4.119 4.119 4.119 4.119 4.119 4.119 4.119 4.119 4.119 4.119 4.119 4.119 0 0 0 0 0 0 0 0 0 0 0 0 0 0 0 0 0 0 0 0 0 0 0 0 0 0 0 0 0 0 0 0 0 0 0 0 0 0 0 0 0 0 0 0 0 0 0 0 0 0 0 0 0 0 0 0 0 0 0 0 0 0 0 0 0 0 0 0 0 0 0 0 0 0 0 0 0 0 0 0 0 0 0 0 0 0 0 0 0 0 0 0 0 0 0 0 0 0 0 0 0 0 0 0 0
0 0 0 0 0 0 0 0 0 0 0 0 0 0 0 4.119 4.119 4.119 4.119 4.119 4.119 4.119 4.119 4.119 4.119 4.119 4.119 4.119 4.119 4.119 4.119 4.119 4.119 4.119 4.119 4.119 4.119 4.119 4.119 4.119 4.119 4.119 4.119 4.119 4.119 4.119 4.119 4.119 4.119 4.119 4.119 4.119 4.119 4.119 4.119 4.119 4.119 4.119 4.119 4.119 4.119 4.119 4.119 4.119 4.119 4.119 4.119 4.119 4.119 4.119 4.119 4.119 4.119 4.119 4.119 0 0 0 0 0 0 0 0 0 0 0 0 0 0 0 0 0 0 0 0 0 0 0 0 0 0 0 0 0 0 0 0 0 0 0 0 0 0 0 0 0 0 0 0 0 0 0 0 0 0 0 0 0 0 0 0 0 0 0 0 0 0 0 0 0 0 0 0 0 0 0 0 0 0 0 0 0 0 0 0 0 0 0 0 0 0 0 0 0 0 0 0 0 0 0 0 0 0 0 0 0 0 0 0 0
0 0 0 0 0 0 0 0 0 0 0 0 0 0 0 4.119 4.119 4.119 4.119 4.119 4.119 4.119 4.119 4.119 4.119 4.119 4.119 4.119 4.119 4.119 4.119 4.119 4.119 4.119 4.119 4.119 4.119 4.119 4.119 4.119 4.119 4.119 4.119 4.119 4.119 4.119 4.119 4.119 4.119 4.119 4.119 4.119 4.119 4.119 4.119 4.119 4.119 4.119 4.119 4.119 4.119 4.119 4.119 4.119 4.119 4.119 4.119 4.119 4.119 4.119 4.119 4.119 4.119 4.119 4.119 0 0 0 0 0 0 0 0 0 0 0 0 0 0 0 0 0 0 0 0 0 0 0 0 0 0 0 0 0 0 0 0 0 0 0 0 0 0 0 0 0 0 0 0 0 0 0 0 0 0 0 0 0 0 0 0 0 0 0 0 0 0 0 0 0 0 0 0 0 0 0 0 0 0 0 0 0 0 0 0 0 0 0 0 0 0 0 0 0 0 0 0 0 0 0 0 0 0 0 0 0 0 0 0 0
0 0 0 0 0 0 0 0 0 0 0 0 0 0 0 4.119 4.119 4.119 4.119 4.119 4.119 4.119 4.119 4.119 4.119 4.119 4.119 4.119 4.119 4.119 4.119 4.119 4.119 4.119 4.119 4.119 4.119 4.119 4.119 4.119 4.119 4.119 4.119 4.119 4.119 4.119 4.119 4.119 4.119 4.119 4.119 4.119 4.119 4.119 4.119 4.119 4.119 4.119 4.119 4.119 4.119 4.119 4.119 4.119 4.119 4.119 4.119 4.119 4.119 4.119 4.119 4.119 4.119 4.119 4.119 0 0 0 0 0 0 0 0 0 0 0 0 0 0 0 0 0 0 0 0 0 0 0 0 0 0 0 0 0 0 0 0 0 0 0 0 0 0 0 0 0 0 0 0 0 0 0 0 0 0 0 0 0 0 0 0 0 0 0 0 0 0 0 0 0 0 0 0 0 0 0 0 0 0 0 0 0 0 0 0 0 0 0 0 0 0 0 0 0 0 0 0 0 0 0 0 0 0 0 0 0 0 0 0 0
0 0 0 0 0 0 0 0 0 0 0 0 0 0 0 4.119 4.119 4.119 4.119 4.119 4.119 4.119 4.119 4.119 4.119 4.119 4.119 4.119 4.119 4.119 4.119 4.119 4.119 4.119 4.119 4.119 4.119 4.119 4.119 4.119 4.119 4.119 4.119 4.119 4.119 4.119 4.119 4.119 4.119 4.119 4.119 4.119 4.119 4.119 4.119 4.119 4.119 4.119 4.119 4.119 4.119 4.119 4.119 4.119 4.119 4.119 4.119 4.119 4.119 4.119 4.119 4.119 4.119 4.119 4.119 0 0 0 0 0 0 0 0 0 0 0 0 0 0 0 0 0 0 0 0 0 0 0 0 0 0 0 0 0 0 0 0 0 0 0 0 0 0 0 0 0 0 0 0 0 0 0 0 0 0 0 0 0 0 0 0 0 0 0 0 0 0 0 0 0 0 0 0 0 0 0 0 0 0 0 0 0 0 0 0 0 0 0 0 0 0 0 0 0 0 0 0 0 0 0 0 0 0 0 0 0 0 0 0 0
0 0 0 0 0 0 0 0 0 0 0 0 0 0 0 4.119 4.119 4.119 4.119 4.119 4.119 4.119 4.119 4.119 4.119 4.119 4.119 4.119 4.119 4.119 4.119 4.119 4.119 4.119 4.119 4.119 4.119 4.119 4.119 4.119 4.119 4.119 4.119 4.119 4.119 4.119 4.119 4.119 4.119 4.119 4.119 4.119 4.119 4.119 4.119 4.119 4.119 4.119 4.119 4.119 4.119 4.119 4.119 4.119 4.119 4.119 4.119 4.119 4.119 4.119 4.119 4.119 4.119 4.119 4.119 0 0 0 0 0 0 0 0 0 0 0 0 0 0 0 0 0 0 0 0 0 0 0 0 0 0 0 0 0 0 0 0 0 0 0 0 0 0 0 0 0 0 0 0 0 0 0 0 0 0 0 0 0 0 0 0 0 0 0 0 0 0 0 0 0 0 0 0 0 0 0 0 0 0 0 0 0 0 0 0 0 0 0 0 0 0 0 0 0 0 0 0 0 0 0 0 0 0 0 0 0 0 0 0 0
0 0 0 0 0 0 0 0 0 0 0 0 0 0 0 4.119 4.119 4.119 4.119 4.119 4.119 4.119 4.119 4.119 4.119 4.119 4.119 4.119 4.119 4.119 4.119 4.119 4.119 4.119 4.119 4.119 4.119 4.119 4.119 4.119 4.119 4.119 4.119 4.119 4.119 4.119 4.119 4.119 4.119 4.119 4.119 4.119 4.119 4.119 4.119 4.119 4.119 4.119 4.119 4.119 4.119 4.119 4.119 4.119 4.119 4.119 4.119 4.119 4.119 4.119 4.119 4.119 4.119 4.119 4.119 0 0 0 0 0 0 0 0 0 0 0 0 0 0 0 0 0 0 0 0 0 0 0 0 0 0 0 0 0 0 0 0 0 0 0 0 0 0 0 0 0 0 0 0 0 0 0 0 0 0 0 0 0 0 0 0 0 0 0 0 0 0 0 0 0 0 0 0 0 0 0 0 0 0 0 0 0 0 0 0 0 0 0 0 0 0 0 0 0 0 0 0 0 0 0 0 0 0 0 0 0 0 0 0 0
0 0 0 0 0 0 0 0 0 0 0 0 0 0 0 4.119 4.119 4.119 4.119 4.119 4.119 4.119 4.119 4.119 4.119 4.119 4.119 4.119 4.119 4.119 4.119 4.119 4.119 4.119 4.119 4.119 4.119 4.119 4.119 4.119 4.119 4.119 4.119 4.119 4.119 4.119 4.119 4.119 4.119 4.119 4.119 4.119 4.119 4.119 4.119 4.119 4.119 4.119 4.119 4.119 4.119 4.119 4.119 4.119 4.119 4.119 4.119 4.119 4.119 4.119 4.119 4.119 4.119 4.119 4.119 0 0 0 0 0 0 0 0 0 0 0 0 0 0 0 0 0 0 0 0 0 0 0 0 0 0 0 0 0 0 0 0 0 0 0 0 0 0 0 0 0 0 0 0 0 0 0 0 0 0 0 0 0 0 0 0 0 0 0 0 0 0 0 0 0 0 0 0 0 0 0 0 0 0 0 0 0 0 0 0 0 0 0 0 0 0 0 0 0 0 0 0 0 0 0 0 0 0 0 0 0 0 0 0 0
0 0 0 0 0 0 0 0 0 0 0 0 0 0 0 4.119 4.119 4.119 4.119 4.119 4.119 4.119 4.119 4.119 4.119 4.119 4.119 4.119 4.119 4.119 4.119 4.119 4.119 4.119 4.119 4.119 4.119 4.119 4.119 4.119 4.119 4.119 4.119 4.119 4.119 4.119 4.119 4.119 4.119 4.119 4.119 4.119 4.119 4.119 4.119 4.119 4.119 4.119 4.119 4.119 4.119 4.119 4.119 4.119 4.119 4.119 4.119 4.119 4.119 4.119 4.119 4.119 4.119 4.119 4.119 0 0 0 0 0 0 0 0 0 0 0 0 0 0 0 0 0 0 0 0 0 0 0 0 0 0 0 0 0 0 0 0 0 0 0 0 0 0 0 0 0 0 0 0 0 0 0 0 0 0 0 0 0 0 0 0 0 0 0 0 0 0 0 0 0 0 0 0 0 0 0 0 0 0 0 0 0 0 0 0 0 0 0 0 0 0 0 0 0 0 0 0 0 0 0 0 0 0 0 0 0 0 0 0 0
0 0 0 0 0 0 0 0 0 0 0 0 0 0 0 4.119 4.119 4.119 4.119 4.119 4.119 4.119 4.119 4.119 4.119 4.119 4.119 4.119 4.119 4.119 4.119 4.119 4.119 4.119 4.119 4.119 4.119 4.119 4.119 4.119 4.119 4.119 4.119 4.119 4.119 4.119 4.119 4.119 4.119 4.119 4.119 4.119 4.119 4.119 4.119 4.119 4.119 4.119 4.119 4.119 4.119 4.119 4.119 4.119 4.119 4.119 4.119 4.119 4.119 4.119 4.119 4.119 4.119 4.119 4.119 0 0 0 0 0 0 0 0 0 0 0 0 0 0 0 0 0 0 0 0 0 0 0 0 0 0 0 0 0 0 0 0 0 0 0 0 0 0 0 0 0 0 0 0 0 0 0 0 0 0 0 0 0 0 0 0 0 0 0 0 0 0 0 0 0 0 0 0 0 0 0 0 0 0 0 0 0 0 0 0 0 0 0 0 0 0 0 0 0 0 0 0 0 0 0 0 0 0 0 0 0 0 0 0 0
0 0 0 0 0 0 0 0 0 0 0 0 0 0 0 4.119 4.119 4.119 4.119 4.119 4.119 4.119 4.119 4.119 4.119 4.119 4.119 4.119 4.119 4.119 4.119 4.119 4.119 4.119 4.119 4.119 4.119 4.119 4.119 4.119 4.119 4.119 4.119 4.119 4.119 4.119 4.119 4.119 4.119 4.119 4.119 4.119 4.119 4.119 4.119 4.119 4.119 4.119 4.119 4.119 4.119 4.119 4.119 4.119 4.119 4.119 4.119 4.119 4.119 4.119 4.119 4.119 4.119 4.119 4.119 0 0 0 0 0 0 0 0 0 0 0 0 0 0 0 0 0 0 0 0 0 0 0 0 0 0 0 0 0 0 0 0 0 0 0 0 0 0 0 0 0 0 0 0 0 0 0 0 0 0 0 0 0 0 0 0 0 0 0 0 0 0 0 0 0 0 0 0 0 0 0 0 0 0 0 0 0 0 0 0 0 0 0 0 0 0 0 0 0 0 0 0 0 0 0 0 0 0 0 0 0 0 0 0 0
0 0 0 0 0 0 0 0 0 0 0 0 0 0 0 4.119 4.119 4.119 4.119 4.119 4.119 4.119 4.119 4.119 4.119 4.119 4.119 4.119 4.119 4.119 4.119 4.119 4.119 4.119 4.119 4.119 4.119 4.119 4.119 4.119 4.119 4.119 4.119 4.119 4.119 4.119 4.119 4.119 4.119 4.119 4.119 4.119 4.119 4.119 4.119 4.119 4.119 4.119 4.119 4.119 4.119 4.119 4.119 4.119 4.119 4.119 4.119 4.119 4.119 4.119 4.119 4.119 4.119 4.119 4.119 0 0 0 0 0 0 0 0 0 0 0 0 0 0 0 0 0 0 0 0 0 0 0 0 0 0 0 0 0 0 0 0 0 0 0 0 0 0 0 0 0 0 0 0 0 0 0 0 0 0 0 0 0 0 0 0 0 0 0 0 0 0 0 0 0 0 0 0 0 0 0 0 0 0 0 0 0 0 0 0 0 0 0 0 0 0 0 0 0 0 0 0 0 0 0 0 0 0 0 0 0 0 0 0 0
0 0 0 0 0 0 0 0 0 0 0 0 0 0 0 4.119 4.119 4.119 4.119 4.119 4.119 4.119 4.119 4.119 4.119 4.119 4.119 4.119 4.119 4.119 4.119 4.119 4.119 4.119 4.119 4.119 4.119 4.119 4.119 4.119 4.119 4.119 4.119 4.119 4.119 4.119 4.119 4.119 4.119 4.119 4.119 4.119 4.119 4.119 4.119 4.119 4.119 4.119 4.119 4.119 4.119 4.119 4.119 4.119 4.119 4.119 4.119 4.119 4.119 4.119 4.119 4.119 4.119 4.119 4.119 0 0 0 0 0 0 0 0 0 0 0 0 0 0 0 0 0 0 0 0 0 0 0 0 0 0 0 0 0 0 0 0 0 0 0 0 0 0 0 0 0 0 0 0 0 0 0 0 0 0 0 0 0 0 0 0 0 0 0 0 0 0 0 0 0 0 0 0 0 0 0 0 0 0 0 0 0 0 0 0 0 0 0 0 0 0 0 0 0 0 0 0 0 0 0 0 0 0 0 0 0 0 0 0 0
0 0 0 0 0 0 0 0 0 0 0 0 0 0 0 4.119 4.119 4.119 4.119 4.119 4.119 4.119 4.119 4.119 4.119 4.119 4.119 4.119 4.119 4.119 4.119 4.119 4.119 4.119 4.119 4.119 4.119 4.119 4.119 4.119 4.119 4.119 4.119 4.119 4.119 4.119 4.119 4.119 4.119 4.119 4.119 4.119 4.119 4.119 4.119 4.119 4.119 4.119 4.119 4.119 4.119 4.119 4.119 4.119 4.119 4.119 4.119 4.119 4.119 4.119 4.119 4.119 4.119 4.119 4.119 0 0 0 0 0 0 0 0 0 0 0 0 0 0 0 0 0 0 0 0 0 0 0 0 0 0 0 0 0 0 0 0 0 0 0 0 0 0 0 0 0 0 0 0 0 0 0 0 0 0 0 0 0 0 0 0 0 0 0 0 0 0 0 0 0 0 0 0 0 0 0 0 0 0 0 0 0 0 0 0 0 0 0 0 0 0 0 0 0 0 0 0 0 0 0 0 0 0 0 0 0 0 0 0 0
0 0 0 0 0 0 0 0 0 0 0 0 0 0 0 4.119 4.119 4.119 4.119 4.119 4.119 4.119 4.119 4.119 4.119 4.119 4.119 4.119 4.119 4.119 4.119 4.119 4.119 4.119 4.119 4.119 4.119 4.119 4.119 4.119 4.119 4.119 4.119 4.119 4.119 4.119 4.119 4.119 4.119 4.119 4.119 4.119 4.119 4.119 4.119 4.119 4.119 4.119 4.119 4.119 4.119 4.119 4.119 4.119 4.119 4.119 4.119 4.119 4.119 4.119 4.119 4.119 4.119 4.119 4.119 0 0 0 0 0 0 0 0 0 0 0 0 0 0 0 0 0 0 0 0 0 0 0 0 0 0 0 0 0 0 0 0 0 0 0 0 0 0 0 0 0 0 0 0 0 0 0 0 0 0 0 0 0 0 0 0 0 0 0 0 0 0 0 0 0 0 0 0 0 0 0 0 0 0 0 0 0 0 0 0 0 0 0 0 0 0 0 0 0 0 0 0 0 0 0 0 0 0 0 0 0 0 0 0 0
0 0 0 0 0 0 0 0 0 0 0 0 0 0 0 4.119 4.119 4.119 4.119 4.119 4.119 4.119 4.119 4.119 4.119 4.119 4.119 4.119 4.119 4.119 4.119 4.119 4.119 4.119 4.119 4.119 4.119 4.119 4.119 4.119 4.119 4.119 4.119 4.119 4.119 4.119 4.119 4.119 4.119 4.119 4.119 4.119 4.119 4.119 4.119 4.119 4.119 4.119 4.119 4.119 4.119 4.119 4.119 4.119 4.119 4.119 4.119 4.119 4.119 4.119 4.119 4.119 4.119 4.119 4.119 0 0 0 0 0 0 0 0 0 0 0 0 0 0 0 0 0 0 0 0 0 0 0 0 0 0 0 0 0 0 0 0 0 0 0 0 0 0 0 0 0 0 0 0 0 0 0 0 0 0 0 0 0 0 0 0 0 0 0 0 0 0 0 0 0 0 0 0 0 0 0 0 0 0 0 0 0 0 0 0 0 0 0 0 0 0 0 0 0 0 0 0 0 0 0 0 0 0 0 0 0 0 0 0 0
0 0 0 0 0 0 0 0 0 0 0 0 0 0 0 4.119 4.119 4.119 4.119 4.119 4.119 4.119 4.119 4.119 4.119 4.119 4.119 4.119 4.119 4.119 4.119 4.119 4.119 4.119 4.119 4.119 4.119 4.119 4.119 4.119 4.119 4.119 4.119 4.119 4.119 4.119 4.119 4.119 4.119 4.119 4.119 4.119 4.119 4.119 4.119 4.119 4.119 4.119 4.119 4.119 4.119 4.119 4.119 4.119 4.119 4.119 4.119 4.119 4.119 4.119 4.119 4.119 4.119 4.119 4.119 0 0 0 0 0 0 0 0 0 0 0 0 0 0 0 0 0 0 0 0 0 0 0 0 0 0 0 0 0 0 0 0 0 0 0 0 0 0 0 0 0 0 0 0 0 0 0 0 0 0 0 0 0 0 0 0 0 0 0 0 0 0 0 0 0 0 0 0 0 0 0 0 0 0 0 0 0 0 0 0 0 0 0 0 0 0 0 0 0 0 0 0 0 0 0 0 0 0 0 0 0 0 0 0 0
0 0 0 0 0 0 0 0 0 0 0 0 0 0 0 4.119 4.119 4.119 4.119 4.119 4.119 4.119 4.119 4.119 4.119 4.119 4.119 4.119 4.119 4.119 4.119 4.119 4.119 4.119 4.119 4.119 4.119 4.119 4.119 4.119 4.119 4.119 4.119 4.119 4.119 4.119 4.119 4.119 4.119 4.119 4.119 4.119 4.119 4.119 4.119 4.119 4.119 4.119 4.119 4.119 4.119 4.119 4.119 4.119 4.119 4.119 4.119 4.119 4.119 4.119 4.119 4.119 4.119 4.119 4.119 0 0 0 0 0 0 0 0 0 0 0 0 0 0 0 0 0 0 0 0 0 0 0 0 0 0 0 0 0 0 0 0 0 0 0 0 0 0 0 0 0 0 0 0 0 0 0 0 0 0 0 0 0 0 0 0 0 0 0 0 0 0 0 0 0 0 0 0 0 0 0 0 0 0 0 0 0 0 0 0 0 0 0 0 0 0 0 0 0 0 0 0 0 0 0 0 0 0 0 0 0 0 0 0 0
0 0 0 0 0 0 0 0 0 0 0 0 0 0 0 4.119 4.119 4.119 4.119 4.119 4.119 4.119 4.119 4.119 4.119 4.119 4.119 4.119 4.119 4.119 4.119 4.119 4.119 4.119 4.119 4.119 4.119 4.119 4.119 4.119 4.119 4.119 4.119 4.119 4.119 4.119 4.119 4.119 4.119 4.119 4.119 4.119 4.119 4.119 4.119 4.119 4.119 4.119 4.119 4.119 4.119 4.119 4.119 4.119 4.119 4.119 4.119 4.119 4.119 4.119 4.119 4.119 4.119 4.119 4.119 0 0 0 0 0 0 0 0 0 0 0 0 0 0 0 0 0 0 0 0 0 0 0 0 0 0 0 0 0 0 0 0 0 0 0 0 0 0 0 0 0 0 0 0 0 0 0 0 0 0 0 0 0 0 0 0 0 0 0 0 0 0 0 0 0 0 0 0 0 0 0 0 0 0 0 0 0 0 0 0 0 0 0 0 0 0 0 0 0 0 0 0 0 0 0 0 0 0 0 0 0 0 0 0 0
0 0 0 0 0 0 0 0 0 0 0 0 0 0 0 4.119 4.119 4.119 4.119 4.119 4.119 4.119 4.119 4.119 4.119 4.119 4.119 4.119 4.119 4.119 4.119 4.119 4.119 4.119 4.119 4.119 4.119 4.119 4.119 4.119 4.119 4.119 4.119 4.119 4.119 4.119 4.119 4.119 4.119 4.119 4.119 4.119 4.119 4.119 4.119 4.119 4.119 4.119 4.119 4.119 4.119 4.119 4.119 4.119 4.119 4.119 4.119 4.119 4.119 4.119 4.119 4.119 4.119 4.119 4.119 0 0 0 0 0 0 0 0 0 0 0 0 0 0 0 0 0 0 0 0 0 0 0 0 0 0 0 0 0 0 0 0 0 0 0 0 0 0 0 0 0 0 0 0 0 0 0 0 0 0 0 0 0 0 0 0 0 0 0 0 0 0 0 0 0 0 0 0 0 0 0 0 0 0 0 0 0 0 0 0 0 0 0 0 0 0 0 0 0 0 0 0 0 0 0 0 0 0 0 0 0 0 0 0 0
0 0 0 0 0 0 0 0 0 0 0 0 0 0 0 4.119 4.119 4.119 4.119 4.119 4.119 4.119 4.119 4.119 4.119 4.119 4.119 4.119 4.119 4.119 4.119 4.119 4.119 4.119 4.119 4.119 4.119 4.119 4.119 4.119 4.119 4.119 4.119 4.119 4.119 4.119 4.119 4.119 4.119 4.119 4.119 4.119 4.119 4.119 4.119 4.119 4.119 4.119 4.119 4.119 4.119 4.119 4.119 4.119 4.119 4.119 4.119 4.119 4.119 4.119 4.119 4.119 4.119 4.119 4.119 0 0 0 0 0 0 0 0 0 0 0 0 0 0 0 0 0 0 0 0 0 0 0 0 0 0 0 0 0 0 0 0 0 0 0 0 0 0 0 0 0 0 0 0 0 0 0 0 0 0 0 0 0 0 0 0 0 0 0 0 0 0 0 0 0 0 0 0 0 0 0 0 0 0 0 0 0 0 0 0 0 0 0 0 0 0 0 0 0 0 0 0 0 0 0 0 0 0 0 0 0 0 0 0 0
0 0 0 0 0 0 0 0 0 0 0 0 0 0 0 4.119 4.119 4.119 4.119 4.119 4.119 4.119 4.119 4.119 4.119 4.119 4.119 4.119 4.119 4.119 4.119 4.119 4.119 4.119 4.119 4.119 4.119 4.119 4.119 4.119 4.119 4.119 4.119 4.119 4.119 4.119 4.119 4.119 4.119 4.119 4.119 4.119 4.119 4.119 4.119 4.119 4.119 4.119 4.119 4.119 4.119 4.119 4.119 4.119 4.119 4.119 4.119 4.119 4.119 4.119 4.119 4.119 4.119 4.119 4.119 0 0 0 0 0 0 0 0 0 0 0 0 0 0 0 0 0 0 0 0 0 0 0 0 0 0 0 0 0 0 0 0 0 0 0 0 0 0 0 0 0 0 0 0 0 0 0 0 0 0 0 0 0 0 0 0 0 0 0 0 0 0 0 0 0 0 0 0 0 0 0 0 0 0 0 0 0 0 0 0 0 0 0 0 0 0 0 0 0 0 0 0 0 0 0 0 0 0 0 0 0 0 0 0 0
0 0 0 0 0 0 0 0 0 0 0 0 0 0 0 4.119 4.119 4.119 4.119 4.119 4.119 4.119 4.119 4.119 4.119 4.119 4.119 4.119 4.119 4.119 4.119 4.119 4.119 4.119 4.119 4.119 4.119 4.119 4.119 4.119 4.119 4.119 4.119 4.119 4.119 4.119 4.119 4.119 4.119 4.119 4.119 4.119 4.119 4.119 4.119 4.119 4.119 4.119 4.119 4.119 4.119 4.119 4.119 4.119 4.119 4.119 4.119 4.119 4.119 4.119 4.119 4.119 4.119 4.119 4.119 0 0 0 0 0 0 0 0 0 0 0 0 0 0 0 0 0 0 0 0 0 0 0 0 0 0 0 0 0 0 0 0 0 0 0 0 0 0 0 0 0 0 0 0 0 0 0 0 0 0 0 0 0 0 0 0 0 0 0 0 0 0 0 0 0 0 0 0 0 0 0 0 0 0 0 0 0 0 0 0 0 0 0 0 0 0 0 0 0 0 0 0 0 0 0 0 0 0 0 0 0 0 0 0 0
0 0 0 0 0 0 0 0 0 0 0 0 0 0 0 4.119 4.119 4.119 4.119 4.119 4.119 4.119 4.119 4.119 4.119 4.119 4.119 4.119 4.119 4.119 4.119 4.119 4.119 4.119 4.119 4.119 4.119 4.119 4.119 4.119 4.119 4.119 4.119 4.119 4.119 4.119 4.119 4.119 4.119 4.119 4.119 4.119 4.119 4.119 4.119 4.119 4.119 4.119 4.119 4.119 4.119 4.119 4.119 4.119 4.119 4.119 4.119 4.119 4.119 4.119 4.119 4.119 4.119 4.119 4.119 0 0 0 0 0 0 0 0 0 0 0 0 0 0 0 0 0 0 0 0 0 0 0 0 0 0 0 0 0 0 0 0 0 0 0 0 0 0 0 0 0 0 0 0 0 0 0 0 0 0 0 0 0 0 0 0 0 0 0 0 0 0 0 0 0 0 0 0 0 0 0 0 0 0 0 0 0 0 0 0 0 0 0 0 0 0 0 0 0 0 0 0 0 0 0 0 0 0 0 0 0 0 0 0 0
0 0 0 0 0 0 0 0 0 0 0 0 0 0 0 4.119 4.119 4.119 4.119 4.119 4.119 4.119 4.119 4.119 4.119 4.119 4.119 4.119 4.119 4.119 4.119 4.119 4.119 4.119 4.119 4.119 4.119 4.119 4.119 4.119 4.119 4.119 4.119 4.119 4.119 4.119 4.119 4.119 4.119 4.119 4.119 4.119 4.119 4.119 4.119 4.119 4.119 4.119 4.119 4.119 4.119 4.119 4.119 4.119 4.119 4.119 4.119 4.119 4.119 4.119 4.119 4.119 4.119 4.119 4.119 0 0 0 0 0 0 0 0 0 0 0 0 0 0 0 0 0 0 0 0 0 0 0 0 0 0 0 0 0 0 0 0 0 0 0 0 0 0 0 0 0 0 0 0 0 0 0 0 0 0 0 0 0 0 0 0 0 0 0 0 0 0 0 0 0 0 0 0 0 0 0 0 0 0 0 0 0 0 0 0 0 0 0 0 0 0 0 0 0 0 0 0 0 0 0 0 0 0 0 0 0 0 0 0 0
0 0 0 0 0 0 0 0 0 0 0 0 0 0 0 4.119 4.119 4.119 4.119 4.119 4.119 4.119 4.119 4.119 4.119 4.119 4.119 4.119 4.119 4.119 4.119 4.119 4.119 4.119 4.119 4.119 4.119 4.119 4.119 4.119 4.119 4.119 4.119 4.119 4.119 4.119 4.119 4.119 4.119 4.119 4.119 4.119 4.119 4.119 4.119 4.119 4.119 4.119 4.119 4.119 4.119 4.119 4.119 4.119 4.119 4.119 4.119 4.119 4.119 4.119 4.119 4.119 4.119 4.119 4.119 0 0 0 0 0 0 0 0 0 0 0 0 0 0 0 0 0 0 0 0 0 0 0 0 0 0 0 0 0 0 0 0 0 0 0 0 0 0 0 0 0 0 0 0 0 0 0 0 0 0 0 0 0 0 0 0 0 0 0 0 0 0 0 0 0 0 0 0 0 0 0 0 0 0 0 0 0 0 0 0 0 0 0 0 0 0 0 0 0 0 0 0 0 0 0 0 0 0 0 0 0 0 0 0 0
0 0 0 0 0 0 0 0 0 0 0 0 0 0 0 4.119 4.119 4.119 4.119 4.119 4.119 4.119 4.119 4.119 4.119 4.119 4.119 4.119 4.119 4.119 4.119 4.119 4.119 4.119 4.119 4.119 4.119 4.119 4.119 4.119 4.119 4.119 4.119 4.119 4.119 4.119 4.119 4.119 4.119 4.119 4.119 4.119 4.119 4.119 4.119 4.119 4.119 4.119 4.119 4.119 4.119 4.119 4.119 4.119 4.119 4.119 4.119 4.119 4.119 4.119 4.119 4.119 4.119 4.119 4.119 0 0 0 0 0 0 0 0 0 0 0 0 0 0 0 0 0 0 0 0 0 0 0 0 0 0 0 0 0 0 0 0 0 0 0 0 0 0 0 0 0 0 0 0 0 0 0 0 0 0 0 0 0 0 0 0 0 0 0 0 0 0 0 0 0 0 0 0 0 0 0 0 0 0 0 0 0 0 0 0 0 0 0 0 0 0 0 0 0 0 0 0 0 0 0 0 0 0 0 0 0 0 0 0 0
0 0 0 0 0 0 0 0 0 0 0 0 0 0 0 4.119 4.119 4.119 4.119 4.119 4.119 4.119 4.119 4.119 4.119 4.119 4.119 4.119 4.119 4.119 4.119 4.119 4.119 4.119 4.119 4.119 4.119 4.119 4.119 4.119 4.119 4.119 4.119 4.119 4.119 4.119 4.119 4.119 4.119 4.119 4.119 4.119 4.119 4.119 4.119 4.119 4.119 4.119 4.119 4.119 4.119 4.119 4.119 4.119 4.119 4.119 4.119 4.119 4.119 4.119 4.119 4.119 4.119 4.119 4.119 0 0 0 0 0 0 0 0 0 0 0 0 0 0 0 0 0 0 0 0 0 0 0 0 0 0 0 0 0 0 0 0 0 0 0 0 0 0 0 0 0 0 0 0 0 0 0 0 0 0 0 0 0 0 0 0 0 0 0 0 0 0 0 0 0 0 0 0 0 0 0 0 0 0 0 0 0 0 0 0 0 0 0 0 0 0 0 0 0 0 0 0 0 0 0 0 0 0 0 0 0 0 0 0 0
0 0 0 0 0 0 0 0 0 0 0 0 0 0 0 4.119 4.119 4.119 4.119 4.119 4.119 4.119 4.119 4.119 4.119 4.119 4.119 4.119 4.119 4.119 4.119 4.119 4.119 4.119 4.119 4.119 4.119 4.119 4.119 4.119 4.119 4.119 4.119 4.119 4.119 4.119 4.119 4.119 4.119 4.119 4.119 4.119 4.119 4.119 4.119 4.119 4.119 4.119 4.119 4.119 4.119 4.119 4.119 4.119 4.119 4.119 4.119 4.119 4.119 4.119 4.119 4.119 4.119 4.119 4.119 0 0 0 0 0 0 0 0 0 0 0 0 0 0 0 0 0 0 0 0 0 0 0 0 0 0 0 0 0 0 0 0 0 0 0 0 0 0 0 0 0 0 0 0 0 0 0 0 0 0 0 0 0 0 0 0 0 0 0 0 0 0 0 0 0 0 0 0 0 0 0 0 0 0 0 0 0 0 0 0 0 0 0 0 0 0 0 0 0 0 0 0 0 0 0 0 0 0 0 0 0 0 0 0 0
0 0 0 0 0 0 0 0 0 0 0 0 0 0 0 4.119 4.119 4.119 4.119 4.119 4.119 4.119 4.119 4.119 4.119 4.119 4.119 4.119 4.119 4.119 4.119 4.119 4.119 4.119 4.119 4.119 4.119 4.119 4.119 4.119 4.119 4.119 4.119 4.119 4.119 4.119 4.119 4.119 4.119 4.119 4.119 4.119 4.119 4.119 4.119 4.119 4.119 4.119 4.119 4.119 4.119 4.119 4.119 4.119 4.119 4.119 4.119 4.119 4.119 4.119 4.119 4.119 4.119 4.119 4.119 0 0 0 0 0 0 0 0 0 0 0 0 0 0 0 0 0 0 0 0 0 0 0 0 0 0 0 0 0 0 0 0 0 0 0 0 0 0 0 0 0 0 0 0 0 0 0 0 0 0 0 0 0 0 0 0 0 0 0 0 0 0 0 0 0 0 0 0 0 0 0 0 0 0 0 0 0 0 0 0 0 0 0 0 0 0 0 0 0 0 0 0 0 0 0 0 0 0 0 0 0 0 0 0 0
0 0 0 0 0 0 0 0 0 0 0 0 0 0 0 4.119 4.119 4.119 4.119 4.119 4.119 4.119 4.119 4.119 4.119 4.119 4.119 4.119 4.119 4.119 4.119 4.119 4.119 4.119 4.119 4.119 4.119 4.119 4.119 4.119 4.119 4.119 4.119 4.119 4.119 4.119 4.119 4.119 4.119 4.119 4.119 4.119 4.119 4.119 4.119 4.119 4.119 4.119 4.119 4.119 4.119 4.119 4.119 4.119 4.119 4.119 4.119 4.119 4.119 4.119 4.119 4.119 4.119 4.119 4.119 0 0 0 0 0 0 0 0 0 0 0 0 0 0 0 0 0 0 0 0 0 0 0 0 0 0 0 0 0 0 0 0 0 0 0 0 0 0 0 0 0 0 0 0 0 0 0 0 0 0 0 0 0 0 0 0 0 0 0 0 0 0 0 0 0 0 0 0 0 0 0 0 0 0 0 0 0 0 0 0 0 0 0 0 0 0 0 0 0 0 0 0 0 0 0 0 0 0 0 0 0 0 0 0 0
0 0 0 0 0 0 0 0 0 0 0 0 0 0 0 4.119 4.119 4.119 4.119 4.119 4.119 4.119 4.119 4.119 4.119 4.119 4.119 4.119 4.119 4.119 4.119 4.119 4.119 4.119 4.119 4.119 4.119 4.119 4.119 4.119 4.119 4.119 4.119 4.119 4.119 4.119 4.119 4.119 4.119 4.119 4.119 4.119 4.119 4.119 4.119 4.119 4.119 4.119 4.119 4.119 4.119 4.119 4.119 4.119 4.119 4.119 4.119 4.119 4.119 4.119 4.119 4.119 4.119 4.119 4.119 0 0 0 0 0 0 0 0 0 0 0 0 0 0 0 0 0 0 0 0 0 0 0 0 0 0 0 0 0 0 0 0 0 0 0 0 0 0 0 0 0 0 0 0 0 0 0 0 0 0 0 0 0 0 0 0 0 0 0 0 0 0 0 0 0 0 0 0 0 0 0 0 0 0 0 0 0 0 0 0 0 0 0 0 0 0 0 0 0 0 0 0 0 0 0 0 0 0 0 0 0 0 0 0 0
0 0 0 0 0 0 0 0 0 0 0 0 0 0 0 4.119 4.119 4.119 4.119 4.119 4.119 4.119 4.119 4.119 4.119 4.119 4.119 4.119 4.119 4.119 4.119 4.119 4.119 4.119 4.119 4.119 4.119 4.119 4.119 4.119 4.119 4.119 4.119 4.119 4.119 4.119 4.119 4.119 4.119 4.119 4.119 4.119 4.119 4.119 4.119 4.119 4.119 4.119 4.119 4.119 4.119 4.119 4.119 4.119 4.119 4.119 4.119 4.119 4.119 4.119 4.119 4.119 4.119 4.119 4.119 0 0 0 0 0 0 0 0 0 0 0 0 0 0 0 0 0 0 0 0 0 0 0 0 0 0 0 0 0 0 0 0 0 0 0 0 0 0 0 0 0 0 0 0 0 0 0 0 0 0 0 0 0 0 0 0 0 0 0 0 0 0 0 0 0 0 0 0 0 0 0 0 0 0 0 0 0 0 0 0 0 0 0 0 0 0 0 0 0 0 0 0 0 0 0 0 0 0 0 0 0 0 0 0 0
0 0 0 0 0 0 0 0 0 0 0 0 0 0 0 4.119 4.119 4.119 4.119 4.119 4.119 4.119 4.119 4.119 4.119 4.119 4.119 4.119 4.119 4.119 4.119 4.119 4.119 4.119 4.119 4.119 4.119 4.119 4.119 4.119 4.119 4.119 4.119 4.119 4.119 4.119 4.119 4.119 4.119 4.119 4.119 4.119 4.119 4.119 4.119 4.119 4.119 4.119 4.119 4.119 4.119 4.119 4.119 4.119 4.119 4.119 4.119 4.119 4.119 4.119 4.119 4.119 4.119 4.119 4.119 0 0 0 0 0 0 0 0 0 0 0 0 0 0 0 0 0 0 0 0 0 0 0 0 0 0 0 0 0 0 0 0 0 0 0 0 0 0 0 0 0 0 0 0 0 0 0 0 0 0 0 0 0 0 0 0 0 0 0 0 0 0 0 0 0 0 0 0 0 0 0 0 0 0 0 0 0 0 0 0 0 0 0 0 0 0 0 0 0 0 0 0 0 0 0 0 0 0 0 0 0 0 0 0 0
0 0 0 0 0 0 0 0 0 0 0 0 0 0 0 4.119 4.119 4.119 4.119 4.119 4.119 4.119 4.119 4.119 4.119 4.119 4.119 4.119 4.119 4.119 4.119 4.119 4.119 4.119 4.119 4.119 4.119 4.119 4.119 4.119 4.119 4.119 4.119 4.119 4.119 4.119 4.119 4.119 4.119 4.119 4.119 4.119 4.119 4.119 4.119 4.119 4.119 4.119 4.119 4.119 4.119 4.119 4.119 4.119 4.119 4.119 4.119 4.119 4.119 4.119 4.119 4.119 4.119 4.119 4.119 0 0 0 0 0 0 0 0 0 0 0 0 0 0 0 0 0 0 0 0 0 0 0 0 0 0 0 0 0 0 0 0 0 0 0 0 0 0 0 0 0 0 0 0 0 0 0 0 0 0 0 0 0 0 0 0 0 0 0 0 0 0 0 0 0 0 0 0 0 0 0 0 0 0 0 0 0 0 0 0 0 0 0 0 0 0 0 0 0 0 0 0 0 0 0 0 0 0 0 0 0 0 0 0 0
0 0 0 0 0 0 0 0 0 0 0 0 0 0 0 4.119 4.119 4.119 4.119 4.119 4.119 4.119 4.119 4.119 4.119 4.119 4.119 4.119 4.119 4.119 4.119 4.119 4.119 4.119 4.119 4.119 4.119 4.119 4.119 4.119 4.119 4.119 4.119 4.119 4.119 4.119 4.119 4.119 4.119 4.119 4.119 4.119 4.119 4.119 4.119 4.119 4.119 4.119 4.119 4.119 4.119 4.119 4.119 4.119 4.119 4.119 4.119 4.119 4.119 4.119 4.119 4.119 4.119 4.119 4.119 0 0 0 0 0 0 0 0 0 0 0 0 0 0 0 0 0 0 0 0 0 0 0 0 0 0 0 0 0 0 0 0 0 0 0 0 0 0 0 0 0 0 0 0 0 0 0 0 0 0 0 0 0 0 0 0 0 0 0 0 0 0 0 0 0 0 0 0 0 0 0 0 0 0 0 0 0 0 0 0 0 0 0 0 0 0 0 0 0 0 0 0 0 0 0 0 0 0 0 0 0 0 0 0 0
0 0 0 0 0 0 0 0 0 0 0 0 0 0 0 4.119 4.119 4.119 4.119 4.119 4.119 4.119 4.119 4.119 4.119 4.119 4.119 4.119 4.119 4.119 4.119 4.119 4.119 4.119 4.119 4.119 4.119 4.119 4.119 4.119 4.119 4.119 4.119 4.119 4.119 4.119 4.119 4.119 4.119 4.119 4.119 4.119 4.119 4.119 4.119 4.119 4.119 4.119 4.119 4.119 4.119 4.119 4.119 4.119 4.119 4.119 4.119 4.119 4.119 4.119 4.119 4.119 4.119 4.119 4.119 0 0 0 0 0 0 0 0 0 0 0 0 0 0 0 0 0 0 0 0 0 0 0 0 0 0 0 0 0 0 0 0 0 0 0 0 0 0 0 0 0 0 0 0 0 0 0 0 0 0 0 0 0 0 0 0 0 0 0 0 0 0 0 0 0 0 0 0 0 0 0 0 0 0 0 0 0 0 0 0 0 0 0 0 0 0 0 0 0 0 0 0 0 0 0 0 0 0 0 0 0 0 0 0 0
0 0 0 0 0 0 0 0 0 0 0 0 0 0 0 4.119 4.119 4.119 4.119 4.119 4.119 4.119 4.119 4.119 4.119 4.119 4.119 4.119 4.119 4.119 4.119 4.119 4.119 4.119 4.119 4.119 4.119 4.119 4.119 4.119 4.119 4.119 4.119 4.119 4.119 4.119 4.119 4.119 4.119 4.119 4.119 4.119 4.119 4.119 4.119 4.119 4.119 4.119 4.119 4.119 4.119 4.119 4.119 4.119 4.119 4.119 4.119 4.119 4.119 4.119 4.119 4.119 4.119 4.119 4.119 0 0 0 0 0 0 0 0 0 0 0 0 0 0 0 0 0 0 0 0 0 0 0 0 0 0 0 0 0 0 0 0 0 0 0 0 0 0 0 0 0 0 0 0 0 0 0 0 0 0 0 0 0 0 0 0 0 0 0 0 0 0 0 0 0 0 0 0 0 0 0 0 0 0 0 0 0 0 0 0 0 0 0 0 0 0 0 0 0 0 0 0 0 0 0 0 0 0 0 0 0 0 0 0 0
0 0 0 0 0 0 0 0 0 0 0 0 0 0 0 4.119 4.119 4.119 4.119 4.119 4.119 4.119 4.119 4.119 4.119 4.119 4.119 4.119 4.119 4.119 4.119 4.119 4.119 4.119 4.119 4.119 4.119 4.119 4.119 4.119 4.119 4.119 4.119 4.119 4.119 4.119 4.119 4.119 4.119 4.119 4.119 4.119 4.119 4.119 4.119 4.119 4.119 4.119 4.119 4.119 4.119 4.119 4.119 4.119 4.119 4.119 4.119 4.119 4.119 4.119 4.119 4.119 4.119 4.119 4.119 0 0 0 0 0 0 0 0 0 0 0 0 0 0 0 0 0 0 0 0 0 0 0 0 0 0 0 0 0 0 0 0 0 0 0 0 0 0 0 0 0 0 0 0 0 0 0 0 0 0 0 0 0 0 0 0 0 0 0 0 0 0 0 0 0 0 0 0 0 0 0 0 0 0 0 0 0 0 0 0 0 0 0 0 0 0 0 0 0 0 0 0 0 0 0 0 0 0 0 0 0 0 0 0 0
0 0 0 0 0 0 0 0 0 0 0 0 0 0 0 4.119 4.119 4.119 4.119 4.119 4.119 4.119 4.119 4.119 4.119 4.119 4.119 4.119 4.119 4.119 4.119 4.119 4.119 4.119 4.119 4.119 4.119 4.119 4.119 4.119 4.119 4.119 4.119 4.119 4.119 4.119 4.119 4.119 4.119 4.119 4.119 4.119 4.119 4.119 4.119 4.119 4.119 4.119 4.119 4.119 4.119 4.119 4.119 4.119 4.119 4.119 4.119 4.119 4.119 4.119 4.119 4.119 4.119 4.119 4.119 0 0 0 0 0 0 0 0 0 0 0 0 0 0 0 0 0 0 0 0 0 0 0 0 0 0 0 0 0 0 0 0 0 0 0 0 0 0 0 0 0 0 0 0 0 0 0 0 0 0 0 0 0 0 0 0 0 0 0 0 0 0 0 0 0 0 0 0 0 0 0 0 0 0 0 0 0 0 0 0 0 0 0 0 0 0 0 0 0 0 0 0 0 0 0 0 0 0 0 0 0 0 0 0 0
0 0 0 0 0 0 0 0 0 0 0 0 0 0 0 4.119 4.119 4.119 4.119 4.119 4.119 4.119 4.119 4.119 4.119 4.119 4.119 4.119 4.119 4.119 4.119 4.119 4.119 4.119 4.119 4.119 4.119 4.119 4.119 4.119 4.119 4.119 4.119 4.119 4.119 4.119 4.119 4.119 4.119 4.119 4.119 4.119 4.119 4.119 4.119 4.119 4.119 4.119 4.119 4.119 4.119 4.119 4.119 4.119 4.119 4.119 4.119 4.119 4.119 4.119 4.119 4.119 4.119 4.119 4.119 0 0 0 0 0 0 0 0 0 0 0 0 0 0 0 0 0 0 0 0 0 0 0 0 0 0 0 0 0 0 0 0 0 0 0 0 0 0 0 0 0 0 0 0 0 0 0 0 0 0 0 0 0 0 0 0 0 0 0 0 0 0 0 0 0 0 0 0 0 0 0 0 0 0 0 0 0 0 0 0 0 0 0 0 0 0 0 0 0 0 0 0 0 0 0 0 0 0 0 0 0 0 0 0 0
0 0 0 0 0 0 0 0 0 0 0 0 0 0 0 4.119 4.119 4.119 4.119 4.119 4.119 4.119 4.119 4.119 4.119 4.119 4.119 4.119 4.119 4.119 4.119 4.119 4.119 4.119 4.119 4.119 4.119 4.119 4.119 4.119 4.119 4.119 4.119 4.119 4.119 4.119 4.119 4.119 4.119 4.119 4.119 4.119 4.119 4.119 4.119 4.119 4.119 4.119 4.119 4.119 4.119 4.119 4.119 4.119 4.119 4.119 4.119 4.119 4.119 4.119 4.119 4.119 4.119 4.119 4.119 0 0 0 0 0 0 0 0 0 0 0 0 0 0 0 0 0 0 0 0 0 0 0 0 0 0 0 0 0 0 0 0 0 0 0 0 0 0 0 0 0 0 0 0 0 0 0 0 0 0 0 0 0 0 0 0 0 0 0 0 0 0 0 0 0 0 0 0 0 0 0 0 0 0 0 0 0 0 0 0 0 0 0 0 0 0 0 0 0 0 0 0 0 0 0 0 0 0 0 0 0 0 0 0 0
0 0 0 0 0 0 0 0 0 0 0 0 0 0 0 4.119 4.119 4.119 4.119 4.119 4.119 4.119 4.119 4.119 4.119 4.119 4.119 4.119 4.119 4.119 4.119 4.119 4.119 4.119 4.119 4.119 4.119 4.119 4.119 4.119 4.119 4.119 4.119 4.119 4.119 4.119 4.119 4.119 4.119 4.119 4.119 4.119 4.119 4.119 4.119 4.119 4.119 4.119 4.119 4.119 4.119 4.119 4.119 4.119 4.119 4.119 4.119 4.119 4.119 4.119 4.119 4.119 4.119 4.119 4.119 0 0 0 0 0 0 0 0 0 0 0 0 0 0 0 0 0 0 0 0 0 0 0 0 0 0 0 0 0 0 0 0 0 0 0 0 0 0 0 0 0 0 0 0 0 0 0 0 0 0 0 0 0 0 0 0 0 0 0 0 0 0 0 0 0 0 0 0 0 0 0 0 0 0 0 0 0 0 0 0 0 0 0 0 0 0 0 0 0 0 0 0 0 0 0 0 0 0 0 0 0 0 0 0 0
0 0 0 0 0 0 0 0 0 0 0 0 0 0 0 4.119 4.119 4.119 4.119 4.119 4.119 4.119 4.119 4.119 4.119 4.119 4.119 4.119 4.119 4.119 4.119 4.119 4.119 4.119 4.119 4.119 4.119 4.119 4.119 4.119 4.119 4.119 4.119 4.119 4.119 4.119 4.119 4.119 4.119 4.119 4.119 4.119 4.119 4.119 4.119 4.119 4.119 4.119 4.119 4.119 4.119 4.119 4.119 4.119 4.119 4.119 4.119 4.119 4.119 4.119 4.119 4.119 4.119 4.119 4.119 0 0 0 0 0 0 0 0 0 0 0 0 0 0 0 0 0 0 0 0 0 0 0 0 0 0 0 0 0 0 0 0 0 0 0 0 0 0 0 0 0 0 0 0 0 0 0 0 0 0 0 0 0 0 0 0 0 0 0 0 0 0 0 0 0 0 0 0 0 0 0 0 0 0 0 0 0 0 0 0 0 0 0 0 0 0 0 0 0 0 0 0 0 0 0 0 0 0 0 0 0 0 0 0 0
0 0 0 0 0 0 0 0 0 0 0 0 0 0 0 4.119 4.119 4.119 4.119 4.119 4.119 4.119 4.119 4.119 4.119 4.119 4.119 4.119 4.119 4.119 4.119 4.119 4.119 4.119 4.119 4.119 4.119 4.119 4.119 4.119 4.119 4.119 4.119 4.119 4.119 4.119 4.119 4.119 4.119 4.119 4.119 4.119 4.119 4.119 4.119 4.119 4.119 4.119 4.119 4.119 4.119 4.119 4.119 4.119 4.119 4.119 4.119 4.119 4.119 4.119 4.119 4.119 4.119 4.119 4.119 0 0 0 0 0 0 0 0 0 0 0 0 0 0 0 0 0 0 0 0 0 0 0 0 0 0 0 0 0 0 0 0 0 0 0 0 0 0 0 0 0 0 0 0 0 0 0 0 0 0 0 0 0 0 0 0 0 0 0 0 0 0 0 0 0 0 0 0 0 0 0 0 0 0 0 0 0 0 0 0 0 0 0 0 0 0 0 0 0 0 0 0 0 0 0 0 0 0 0 0 0 0 0 0 0
