0 0 0 0 0 0 0 0 0 0 0 0 0 0 0 0 0 0 0 0 0 0 0 0 0 12.286 12.286 12.286 12.286 12.286 2.5714 2.5714 2.5714 2.5714 2.5714 2.5714 2.5714 2.5714 2.5714 2.5714 2.5714 2.5714 2.5714 2.5714 2.5714 2.5714 2.5714 2.5714 2.5714 2.5714 2.5714 2.5714 2.5714 2.5714 2.5714 2.5714 2.5714 2.5714 2.5714 2.5714 0 0 0 0 0 0 0 0 0 0 0 0 0 0 0 0 0 0 0 0 0 0 0 0 0 0 0 0 0 0 0 0 0 0 0 0 0 0 0 0 0 0 0 0 0 0 0 0 0 0 0 0 0 0 0 0 0 0 0 0 0 0 0 0 0 0 0 0 0 0 0 0 0 0 0 0 0 0 0 0 0 0 0 0 0 0 0 0 0 0 0 0 0 0 0 0 0 0 0 0 0 0 0 0 0 0 0 0 0 0 0 0 0 0 0 0 0 0 0 0 0 0 0 0 0 0 0 0 0 0 0 0 0 0 0 0 0 0 0 0
0 0 0 0 0 0 0 0 0 0 0 0 0 0 0 0 0 0 0 0 0 0 0 0 0 12.286 12.286 12.286 12.286 12.286 2.5714 2.5714 2.5714 2.5714 2.5714 2.5714 2.5714 2.5714 2.5714 2.5714 2.5714 2.5714 2.5714 2.5714 2.5714 2.5714 2.5714 2.5714 2.5714 2.5714 2.5714 2.5714 2.5714 2.5714 2.5714 2.5714 2.5714 2.5714 2.5714 2.5714 0 0 0 0 0 0 0 0 0 0 0 0 0 0 0 0 0 0 0 0 0 0 0 0 0 0 0 0 0 0 0 0 0 0 0 0 0 0 0 0 0 0 0 0 0 0 0 0 0 0 0 0 0 0 0 0 0 0 0 0 0 0 0 0 0 0 0 0 0 0 0 0 0 0 0 0 0 0 0 0 0 0 0 0 0 0 0 0 0 0 0 0 0 0 0 0 0 0 0 0 0 0 0 0 0 0 0 0 0 0 0 0 0 0 0 0 0 0 0 0 0 0 0 0 0 0 0 0 0 0 0 0 0 0 0 0 0 0 0 0
0 0 0 0 0 0 0 0 0 0 0 0 0 0 0 0 0 0 0 0 0 0 0 0 0 12.286 12.286 12.286 12.286 12.286 2.5714 2.5714 2.5714 2.5714 2.5714 2.5714 2.5714 2.5714 2.5714 2.5714 2.5714 2.5714 2.5714 2.5714 2.5714 2.5714 2.5714 2.5714 2.5714 2.5714 2.5714 2.5714 2.5714 2.5714 2.5714 2.5714 2.5714 2.5714 2.5714 2.5714 0 0 0 0 0 0 0 0 0 0 0 0 0 0 0 0 0 0 0 0 0 0 0 0 0 0 0 0 0 0 0 0 0 0 0 0 0 0 0 0 0 0 0 0 0 0 0 0 0 0 0 0 0 0 0 0 0 0 0 0 0 0 0 0 0 0 0 0 0 0 0 0 0 0 0 0 0 0 0 0 0 0 0 0 0 0 0 0 0 0 0 0 0 0 0 0 0 0 0 0 0 0 0 0 0 0 0 0 0 0 0 0 0 0 0 0 0 0 0 0 0 0 0 0 0 0 0 0 0 0 0 0 0 0 0 0 0 0 0 0
0 0 0 0 0 0 0 0 0 0 0 0 0 0 0 0 0 0 0 0 0 0 0 0 0 12.286 12.286 12.286 12.286 12.286 2.5714 2.5714 2.5714 2.5714 2.5714 2.5714 2.5714 2.5714 2.5714 2.5714 2.5714 2.5714 2.5714 2.5714 2.5714 2.5714 2.5714 2.5714 2.5714 2.5714 2.5714 2.5714 2.5714 2.5714 2.5714 2.5714 2.5714 2.5714 2.5714 2.5714 0 0 0 0 0 0 0 0 0 0 0 0 0 0 0 0 0 0 0 0 0 0 0 0 0 0 0 0 0 0 0 0 0 0 0 0 0 0 0 0 0 0 0 0 0 0 0 0 0 0 0 0 0 0 0 0 0 0 0 0 0 0 0 0 0 0 0 0 0 0 0 0 0 0 0 0 0 0 0 0 0 0 0 0 0 0 0 0 0 0 0 0 0 0 0 0 0 0 0 0 0 0 0 0 0 0 0 0 0 0 0 0 0 0 0 0 0 0 0 0 0 0 0 0 0 0 0 0 0 0 0 0 0 0 0 0 0 0 0 0
0 0 0 0 0 0 0 0 0 0 0 0 0 0 0 0 0 0 0 0 0 0 0 0 0 12.286 12.286 12.286 12.286 12.286 2.5714 2.5714 2.5714 2.5714 2.5714 2.5714 2.5714 2.5714 2.5714 2.5714 2.5714 2.5714 2.5714 2.5714 2.5714 2.5714 2.5714 2.5714 2.5714 2.5714 2.5714 2.5714 2.5714 2.5714 2.5714 2.5714 2.5714 2.5714 2.5714 2.5714 0 0 0 0 0 0 0 0 0 0 0 0 0 0 0 0 0 0 0 0 0 0 0 0 0 0 0 0 0 0 0 0 0 0 0 0 0 0 0 0 0 0 0 0 0 0 0 0 0 0 0 0 0 0 0 0 0 0 0 0 0 0 0 0 0 0 0 0 0 0 0 0 0 0 0 0 0 0 0 0 0 0 0 0 0 0 0 0 0 0 0 0 0 0 0 0 0 0 0 0 0 0 0 0 0 0 0 0 0 0 0 0 0 0 0 0 0 0 0 0 0 0 0 0 0 0 0 0 0 0 0 0 0 0 0 0 0 0 0 0
0 0 0 0 0 0 0 0 0 0 0 0 0 0 0 0 0 0 0 0 0 0 0 0 0 12.286 12.286 12.286 12.286 12.286 2.5714 2.5714 2.5714 2.5714 2.5714 2.5714 2.5714 2.5714 2.5714 2.5714 2.5714 2.5714 2.5714 2.5714 2.5714 2.5714 2.5714 2.5714 2.5714 2.5714 2.5714 2.5714 2.5714 2.5714 2.5714 2.5714 2.5714 2.5714 2.5714 2.5714 0 0 0 0 0 0 0 0 0 0 0 0 0 0 0 0 0 0 0 0 0 0 0 0 0 0 0 0 0 0 0 0 0 0 0 0 0 0 0 0 0 0 0 0 0 0 0 0 0 0 0 0 0 0 0 0 0 0 0 0 0 0 0 0 0 0 0 0 0 0 0 0 0 0 0 0 0 0 0 0 0 0 0 0 0 0 0 0 0 0 0 0 0 0 0 0 0 0 0 0 0 0 0 0 0 0 0 0 0 0 0 0 0 0 0 0 0 0 0 0 0 0 0 0 0 0 0 0 0 0 0 0 0 0 0 0 0 0 0 0
0 0 0 0 0 0 0 0 0 0 0 0 0 0 0 0 0 0 0 0 0 0 0 0 0 12.286 12.286 12.286 12.286 12.286 2.5714 2.5714 2.5714 2.5714 2.5714 2.5714 2.5714 2.5714 2.5714 2.5714 2.5714 2.5714 2.5714 2.5714 2.5714 2.5714 2.5714 2.5714 2.5714 2.5714 2.5714 2.5714 2.5714 2.5714 2.5714 2.5714 2.5714 2.5714 2.5714 2.5714 0 0 0 0 0 0 0 0 0 0 0 0 0 0 0 0 0 0 0 0 0 0 0 0 0 0 0 0 0 0 0 0 0 0 0 0 0 0 0 0 0 0 0 0 0 0 0 0 0 0 0 0 0 0 0 0 0 0 0 0 0 0 0 0 0 0 0 0 0 0 0 0 0 0 0 0 0 0 0 0 0 0 0 0 0 0 0 0 0 0 0 0 0 0 0 0 0 0 0 0 0 0 0 0 0 0 0 0 0 0 0 0 0 0 0 0 0 0 0 0 0 0 0 0 0 0 0 0 0 0 0 0 0 0 0 0 0 0 0 0
0 0 0 0 0 0 0 0 0 0 0 0 0 0 0 0 0 0 0 0 0 0 0 0 0 12.286 12.286 12.286 12.286 12.286 2.5714 2.5714 2.5714 2.5714 2.5714 2.5714 2.5714 2.5714 2.5714 2.5714 2.5714 2.5714 2.5714 2.5714 2.5714 2.5714 2.5714 2.5714 2.5714 2.5714 2.5714 2.5714 2.5714 2.5714 2.5714 2.5714 2.5714 2.5714 2.5714 2.5714 0 0 0 0 0 0 0 0 0 0 0 0 0 0 0 0 0 0 0 0 0 0 0 0 0 0 0 0 0 0 0 0 0 0 0 0 0 0 0 0 0 0 0 0 0 0 0 0 0 0 0 0 0 0 0 0 0 0 0 0 0 0 0 0 0 0 0 0 0 0 0 0 0 0 0 0 0 0 0 0 0 0 0 0 0 0 0 0 0 0 0 0 0 0 0 0 0 0 0 0 0 0 0 0 0 0 0 0 0 0 0 0 0 0 0 0 0 0 0 0 0 0 0 0 0 0 0 0 0 0 0 0 0 0 0 0 0 0 0 0
0 0 0 0 0 0 0 0 0 0 0 0 0 0 0 0 0 0 0 0 0 0 0 0 0 12.286 12.286 12.286 12.286 12.286 2.5714 2.5714 2.5714 2.5714 2.5714 2.5714 2.5714 2.5714 2.5714 2.5714 2.5714 2.5714 2.5714 2.5714 2.5714 2.5714 2.5714 2.5714 2.5714 2.5714 2.5714 2.5714 2.5714 2.5714 2.5714 2.5714 2.5714 2.5714 2.5714 2.5714 0 0 0 0 0 0 0 0 0 0 0 0 0 0 0 0 0 0 0 0 0 0 0 0 0 0 0 0 0 0 0 0 0 0 0 0 0 0 0 0 0 0 0 0 0 0 0 0 0 0 0 0 0 0 0 0 0 0 0 0 0 0 0 0 0 0 0 0 0 0 0 0 0 0 0 0 0 0 0 0 0 0 0 0 0 0 0 0 0 0 0 0 0 0 0 0 0 0 0 0 0 0 0 0 0 0 0 0 0 0 0 0 0 0 0 0 0 0 0 0 0 0 0 0 0 0 0 0 0 0 0 0 0 0 0 0 0 0 0 0
0 0 0 0 0 0 0 0 0 0 0 0 0 0 0 0 0 0 0 0 0 0 0 0 0 12.286 12.286 12.286 12.286 12.286 2.5714 2.5714 2.5714 2.5714 2.5714 2.5714 2.5714 2.5714 2.5714 2.5714 2.5714 2.5714 2.5714 2.5714 2.5714 2.5714 2.5714 2.5714 2.5714 2.5714 2.5714 2.5714 2.5714 2.5714 2.5714 2.5714 2.5714 2.5714 2.5714 2.5714 0 0 0 0 0 0 0 0 0 0 0 0 0 0 0 0 0 0 0 0 0 0 0 0 0 0 0 0 0 0 0 0 0 0 0 0 0 0 0 0 0 0 0 0 0 0 0 0 0 0 0 0 0 0 0 0 0 0 0 0 0 0 0 0 0 0 0 0 0 0 0 0 0 0 0 0 0 0 0 0 0 0 0 0 0 0 0 0 0 0 0 0 0 0 0 0 0 0 0 0 0 0 0 0 0 0 0 0 0 0 0 0 0 0 0 0 0 0 0 0 0 0 0 0 0 0 0 0 0 0 0 0 0 0 0 0 0 0 0 0
0 0 0 0 0 0 0 0 0 0 0 0 0 0 0 0 0 0 0 0 0 0 0 0 0 12.286 12.286 12.286 12.286 12.286 2.5714 2.5714 2.5714 2.5714 2.5714 2.5714 2.5714 2.5714 2.5714 2.5714 2.5714 2.5714 2.5714 2.5714 2.5714 2.5714 2.5714 2.5714 2.5714 2.5714 2.5714 2.5714 2.5714 2.5714 2.5714 2.5714 2.5714 2.5714 2.5714 2.5714 0 0 0 0 0 0 0 0 0 0 0 0 0 0 0 0 0 0 0 0 0 0 0 0 0 0 0 0 0 0 0 0 0 0 0 0 0 0 0 0 0 0 0 0 0 0 0 0 0 0 0 0 0 0 0 0 0 0 0 0 0 0 0 0 0 0 0 0 0 0 0 0 0 0 0 0 0 0 0 0 0 0 0 0 0 0 0 0 0 0 0 0 0 0 0 0 0 0 0 0 0 0 0 0 0 0 0 0 0 0 0 0 0 0 0 0 0 0 0 0 0 0 0 0 0 0 0 0 0 0 0 0 0 0 0 0 0 0 0 0
0 0 0 0 0 0 0 0 0 0 0 0 0 0 0 0 0 0 0 0 0 0 0 0 0 12.286 12.286 12.286 12.286 12.286 2.5714 2.5714 2.5714 2.5714 2.5714 2.5714 2.5714 2.5714 2.5714 2.5714 2.5714 2.5714 2.5714 2.5714 2.5714 2.5714 2.5714 2.5714 2.5714 2.5714 2.5714 2.5714 2.5714 2.5714 2.5714 2.5714 2.5714 2.5714 2.5714 2.5714 0 0 0 0 0 0 0 0 0 0 0 0 0 0 0 0 0 0 0 0 0 0 0 0 0 0 0 0 0 0 0 0 0 0 0 0 0 0 0 0 0 0 0 0 0 0 0 0 0 0 0 0 0 0 0 0 0 0 0 0 0 0 0 0 0 0 0 0 0 0 0 0 0 0 0 0 0 0 0 0 0 0 0 0 0 0 0 0 0 0 0 0 0 0 0 0 0 0 0 0 0 0 0 0 0 0 0 0 0 0 0 0 0 0 0 0 0 0 0 0 0 0 0 0 0 0 0 0 0 0 0 0 0 0 0 0 0 0 0 0
0 0 0 0 0 0 0 0 0 0 0 0 0 0 0 0 0 0 0 0 0 0 0 0 0 12.286 12.286 12.286 12.286 12.286 2.5714 2.5714 2.5714 2.5714 2.5714 2.5714 2.5714 2.5714 2.5714 2.5714 2.5714 2.5714 2.5714 2.5714 2.5714 2.5714 2.5714 2.5714 2.5714 2.5714 2.5714 2.5714 2.5714 2.5714 2.5714 2.5714 2.5714 2.5714 2.5714 2.5714 0 0 0 0 0 0 0 0 0 0 0 0 0 0 0 0 0 0 0 0 0 0 0 0 0 0 0 0 0 0 0 0 0 0 0 0 0 0 0 0 0 0 0 0 0 0 0 0 0 0 0 0 0 0 0 0 0 0 0 0 0 0 0 0 0 0 0 0 0 0 0 0 0 0 0 0 0 0 0 0 0 0 0 0 0 0 0 0 0 0 0 0 0 0 0 0 0 0 0 0 0 0 0 0 0 0 0 0 0 0 0 0 0 0 0 0 0 0 0 0 0 0 0 0 0 0 0 0 0 0 0 0 0 0 0 0 0 0 0 0
0 0 0 0 0 0 0 0 0 0 0 0 0 0 0 0 0 0 0 0 0 0 0 0 0 12.286 12.286 12.286 12.286 12.286 2.5714 2.5714 2.5714 2.5714 2.5714 2.5714 2.5714 2.5714 2.5714 2.5714 2.5714 2.5714 2.5714 2.5714 2.5714 2.5714 2.5714 2.5714 2.5714 2.5714 2.5714 2.5714 2.5714 2.5714 2.5714 2.5714 2.5714 2.5714 2.5714 2.5714 0 0 0 0 0 0 0 0 0 0 0 0 0 0 0 0 0 0 0 0 0 0 0 0 0 0 0 0 0 0 0 0 0 0 0 0 0 0 0 0 0 0 0 0 0 0 0 0 0 0 0 0 0 0 0 0 0 0 0 0 0 0 0 0 0 0 0 0 0 0 0 0 0 0 0 0 0 0 0 0 0 0 0 0 0 0 0 0 0 0 0 0 0 0 0 0 0 0 0 0 0 0 0 0 0 0 0 0 0 0 0 0 0 0 0 0 0 0 0 0 0 0 0 0 0 0 0 0 0 0 0 0 0 0 0 0 0 0 0 0
0 0 0 0 0 0 0 0 0 0 0 0 0 0 0 0 0 0 0 0 0 0 0 0 0 12.286 12.286 12.286 12.286 12.286 2.5714 2.5714 2.5714 2.5714 2.5714 2.5714 2.5714 2.5714 2.5714 2.5714 2.5714 2.5714 2.5714 2.5714 2.5714 2.5714 2.5714 2.5714 2.5714 2.5714 2.5714 2.5714 2.5714 2.5714 2.5714 2.5714 2.5714 2.5714 2.5714 2.5714 0 0 0 0 0 0 0 0 0 0 0 0 0 0 0 0 0 0 0 0 0 0 0 0 0 0 0 0 0 0 0 0 0 0 0 0 0 0 0 0 0 0 0 0 0 0 0 0 0 0 0 0 0 0 0 0 0 0 0 0 0 0 0 0 0 0 0 0 0 0 0 0 0 0 0 0 0 0 0 0 0 0 0 0 0 0 0 0 0 0 0 0 0 0 0 0 0 0 0 0 0 0 0 0 0 0 0 0 0 0 0 0 0 0 0 0 0 0 0 0 0 0 0 0 0 0 0 0 0 0 0 0 0 0 0 0 0 0 0 0
0 0 0 0 0 0 0 0 0 0 0 0 0 0 0 0 0 0 0 0 0 0 0 0 0 12.286 12.286 12.286 12.286 12.286 2.5714 2.5714 2.5714 2.5714 2.5714 2.5714 2.5714 2.5714 2.5714 2.5714 2.5714 2.5714 2.5714 2.5714 2.5714 2.5714 2.5714 2.5714 2.5714 2.5714 2.5714 2.5714 2.5714 2.5714 2.5714 2.5714 2.5714 2.5714 2.5714 2.5714 0 0 0 0 0 0 0 0 0 0 0 0 0 0 0 0 0 0 0 0 0 0 0 0 0 0 0 0 0 0 0 0 0 0 0 0 0 0 0 0 0 0 0 0 0 0 0 0 0 0 0 0 0 0 0 0 0 0 0 0 0 0 0 0 0 0 0 0 0 0 0 0 0 0 0 0 0 0 0 0 0 0 0 0 0 0 0 0 0 0 0 0 0 0 0 0 0 0 0 0 0 0 0 0 0 0 0 0 0 0 0 0 0 0 0 0 0 0 0 0 0 0 0 0 0 0 0 0 0 0 0 0 0 0 0 0 0 0 0 0
0 0 0 0 0 0 0 0 0 0 0 0 0 0 0 0 0 0 0 0 0 0 0 0 0 12.286 12.286 12.286 12.286 12.286 2.5714 2.5714 2.5714 2.5714 2.5714 2.5714 2.5714 2.5714 2.5714 2.5714 2.5714 2.5714 2.5714 2.5714 2.5714 2.5714 2.5714 2.5714 2.5714 2.5714 2.5714 2.5714 2.5714 2.5714 2.5714 2.5714 2.5714 2.5714 2.5714 2.5714 0 0 0 0 0 0 0 0 0 0 0 0 0 0 0 0 0 0 0 0 0 0 0 0 0 0 0 0 0 0 0 0 0 0 0 0 0 0 0 0 0 0 0 0 0 0 0 0 0 0 0 0 0 0 0 0 0 0 0 0 0 0 0 0 0 0 0 0 0 0 0 0 0 0 0 0 0 0 0 0 0 0 0 0 0 0 0 0 0 0 0 0 0 0 0 0 0 0 0 0 0 0 0 0 0 0 0 0 0 0 0 0 0 0 0 0 0 0 0 0 0 0 0 0 0 0 0 0 0 0 0 0 0 0 0 0 0 0 0 0
0 0 0 0 0 0 0 0 0 0 0 0 0 0 0 0 0 0 0 0 0 0 0 0 0 12.286 12.286 12.286 12.286 12.286 2.5714 2.5714 2.5714 2.5714 2.5714 2.5714 2.5714 2.5714 2.5714 2.5714 2.5714 2.5714 2.5714 2.5714 2.5714 2.5714 2.5714 2.5714 2.5714 2.5714 2.5714 2.5714 2.5714 2.5714 2.5714 2.5714 2.5714 2.5714 2.5714 2.5714 0 0 0 0 0 0 0 0 0 0 0 0 0 0 0 0 0 0 0 0 0 0 0 0 0 0 0 0 0 0 0 0 0 0 0 0 0 0 0 0 0 0 0 0 0 0 0 0 0 0 0 0 0 0 0 0 0 0 0 0 0 0 0 0 0 0 0 0 0 0 0 0 0 0 0 0 0 0 0 0 0 0 0 0 0 0 0 0 0 0 0 0 0 0 0 0 0 0 0 0 0 0 0 0 0 0 0 0 0 0 0 0 0 0 0 0 0 0 0 0 0 0 0 0 0 0 0 0 0 0 0 0 0 0 0 0 0 0 0 0
0 0 0 0 0 0 0 0 0 0 0 0 0 0 0 0 0 0 0 0 0 0 0 0 0 12.286 12.286 12.286 12.286 12.286 2.5714 2.5714 2.5714 2.5714 2.5714 2.5714 2.5714 2.5714 2.5714 2.5714 2.5714 2.5714 2.5714 2.5714 2.5714 2.5714 2.5714 2.5714 2.5714 2.5714 2.5714 2.5714 2.5714 2.5714 2.5714 2.5714 2.5714 2.5714 2.5714 2.5714 0 0 0 0 0 0 0 0 0 0 0 0 0 0 0 0 0 0 0 0 0 0 0 0 0 0 0 0 0 0 0 0 0 0 0 0 0 0 0 0 0 0 0 0 0 0 0 0 0 0 0 0 0 0 0 0 0 0 0 0 0 0 0 0 0 0 0 0 0 0 0 0 0 0 0 0 0 0 0 0 0 0 0 0 0 0 0 0 0 0 0 0 0 0 0 0 0 0 0 0 0 0 0 0 0 0 0 0 0 0 0 0 0 0 0 0 0 0 0 0 0 0 0 0 0 0 0 0 0 0 0 0 0 0 0 0 0 0 0 0
0 0 0 0 0 0 0 0 0 0 0 0 0 0 0 0 0 0 0 0 0 0 0 0 0 12.286 12.286 12.286 12.286 12.286 2.5714 2.5714 2.5714 2.5714 2.5714 2.5714 2.5714 2.5714 2.5714 2.5714 2.5714 2.5714 2.5714 2.5714 2.5714 2.5714 2.5714 2.5714 2.5714 2.5714 2.5714 2.5714 2.5714 2.5714 2.5714 2.5714 2.5714 2.5714 2.5714 2.5714 0 0 0 0 0 0 0 0 0 0 0 0 0 0 0 0 0 0 0 0 0 0 0 0 0 0 0 0 0 0 0 0 0 0 0 0 0 0 0 0 0 0 0 0 0 0 0 0 0 0 0 0 0 0 0 0 0 0 0 0 0 0 0 0 0 0 0 0 0 0 0 0 0 0 0 0 0 0 0 0 0 0 0 0 0 0 0 0 0 0 0 0 0 0 0 0 0 0 0 0 0 0 0 0 0 0 0 0 0 0 0 0 0 0 0 0 0 0 0 0 0 0 0 0 0 0 0 0 0 0 0 0 0 0 0 0 0 0 0 0
0 0 0 0 0 0 0 0 0 0 0 0 0 0 0 0 0 0 0 0 0 0 0 0 0 12.286 12.286 12.286 12.286 12.286 2.5714 2.5714 2.5714 2.5714 2.5714 2.5714 2.5714 2.5714 2.5714 2.5714 2.5714 2.5714 2.5714 2.5714 2.5714 2.5714 2.5714 2.5714 2.5714 2.5714 2.5714 2.5714 2.5714 2.5714 2.5714 2.5714 2.5714 2.5714 2.5714 2.5714 0 0 0 0 0 0 0 0 0 0 0 0 0 0 0 0 0 0 0 0 0 0 0 0 0 0 0 0 0 0 0 0 0 0 0 0 0 0 0 0 0 0 0 0 0 0 0 0 0 0 0 0 0 0 0 0 0 0 0 0 0 0 0 0 0 0 0 0 0 0 0 0 0 0 0 0 0 0 0 0 0 0 0 0 0 0 0 0 0 0 0 0 0 0 0 0 0 0 0 0 0 0 0 0 0 0 0 0 0 0 0 0 0 0 0 0 0 0 0 0 0 0 0 0 0 0 0 0 0 0 0 0 0 0 0 0 0 0 0 0
0 0 0 0 0 0 0 0 0 0 0 0 0 0 0 0 0 0 0 0 0 0 0 0 0 12.286 12.286 12.286 12.286 12.286 2.5714 2.5714 2.5714 2.5714 2.5714 2.5714 2.5714 2.5714 2.5714 2.5714 2.5714 2.5714 2.5714 2.5714 2.5714 2.5714 2.5714 2.5714 2.5714 2.5714 2.5714 2.5714 2.5714 2.5714 2.5714 2.5714 2.5714 2.5714 2.5714 2.5714 0 0 0 0 0 0 0 0 0 0 0 0 0 0 0 0 0 0 0 0 0 0 0 0 0 0 0 0 0 0 0 0 0 0 0 0 0 0 0 0 0 0 0 0 0 0 0 0 0 0 0 0 0 0 0 0 0 0 0 0 0 0 0 0 0 0 0 0 0 0 0 0 0 0 0 0 0 0 0 0 0 0 0 0 0 0 0 0 0 0 0 0 0 0 0 0 0 0 0 0 0 0 0 0 0 0 0 0 0 0 0 0 0 0 0 0 0 0 0 0 0 0 0 0 0 0 0 0 0 0 0 0 0 0 0 0 0 0 0 0
0 0 0 0 0 0 0 0 0 0 0 0 0 0 0 0 0 0 0 0 0 0 0 0 0 12.286 12.286 12.286 12.286 12.286 2.5714 2.5714 2.5714 2.5714 2.5714 2.5714 2.5714 2.5714 2.5714 2.5714 2.5714 2.5714 2.5714 2.5714 2.5714 2.5714 2.5714 2.5714 2.5714 2.5714 2.5714 2.5714 2.5714 2.5714 2.5714 2.5714 2.5714 2.5714 2.5714 2.5714 0 0 0 0 0 0 0 0 0 0 0 0 0 0 0 0 0 0 0 0 0 0 0 0 0 0 0 0 0 0 0 0 0 0 0 0 0 0 0 0 0 0 0 0 0 0 0 0 0 0 0 0 0 0 0 0 0 0 0 0 0 0 0 0 0 0 0 0 0 0 0 0 0 0 0 0 0 0 0 0 0 0 0 0 0 0 0 0 0 0 0 0 0 0 0 0 0 0 0 0 0 0 0 0 0 0 0 0 0 0 0 0 0 0 0 0 0 0 0 0 0 0 0 0 0 0 0 0 0 0 0 0 0 0 0 0 0 0 0 0
0 0 0 0 0 0 0 0 0 0 0 0 0 0 0 0 0 0 0 0 0 0 0 0 0 12.286 12.286 12.286 12.286 12.286 2.5714 2.5714 2.5714 2.5714 2.5714 2.5714 2.5714 2.5714 2.5714 2.5714 2.5714 2.5714 2.5714 2.5714 2.5714 2.5714 2.5714 2.5714 2.5714 2.5714 2.5714 2.5714 2.5714 2.5714 2.5714 2.5714 2.5714 2.5714 2.5714 2.5714 0 0 0 0 0 0 0 0 0 0 0 0 0 0 0 0 0 0 0 0 0 0 0 0 0 0 0 0 0 0 0 0 0 0 0 0 0 0 0 0 0 0 0 0 0 0 0 0 0 0 0 0 0 0 0 0 0 0 0 0 0 0 0 0 0 0 0 0 0 0 0 0 0 0 0 0 0 0 0 0 0 0 0 0 0 0 0 0 0 0 0 0 0 0 0 0 0 0 0 0 0 0 0 0 0 0 0 0 0 0 0 0 0 0 0 0 0 0 0 0 0 0 0 0 0 0 0 0 0 0 0 0 0 0 0 0 0 0 0 0
0 0 0 0 0 0 0 0 0 0 0 0 0 0 0 0 0 0 0 0 0 0 0 0 0 12.286 12.286 12.286 12.286 12.286 2.5714 2.5714 2.5714 2.5714 2.5714 2.5714 2.5714 2.5714 2.5714 2.5714 2.5714 2.5714 2.5714 2.5714 2.5714 2.5714 2.5714 2.5714 2.5714 2.5714 2.5714 2.5714 2.5714 2.5714 2.5714 2.5714 2.5714 2.5714 2.5714 2.5714 0 0 0 0 0 0 0 0 0 0 0 0 0 0 0 0 0 0 0 0 0 0 0 0 0 0 0 0 0 0 0 0 0 0 0 0 0 0 0 0 0 0 0 0 0 0 0 0 0 0 0 0 0 0 0 0 0 0 0 0 0 0 0 0 0 0 0 0 0 0 0 0 0 0 0 0 0 0 0 0 0 0 0 0 0 0 0 0 0 0 0 0 0 0 0 0 0 0 0 0 0 0 0 0 0 0 0 0 0 0 0 0 0 0 0 0 0 0 0 0 0 0 0 0 0 0 0 0 0 0 0 0 0 0 0 0 0 0 0 0
0 0 0 0 0 0 0 0 0 0 0 0 0 0 0 0 0 0 0 0 0 0 0 0 0 12.286 12.286 12.286 12.286 12.286 2.5714 2.5714 2.5714 2.5714 2.5714 2.5714 2.5714 2.5714 2.5714 2.5714 2.5714 2.5714 2.5714 2.5714 2.5714 2.5714 2.5714 2.5714 2.5714 2.5714 2.5714 2.5714 2.5714 2.5714 2.5714 2.5714 2.5714 2.5714 2.5714 2.5714 0 0 0 0 0 0 0 0 0 0 0 0 0 0 0 0 0 0 0 0 0 0 0 0 0 0 0 0 0 0 0 0 0 0 0 0 0 0 0 0 0 0 0 0 0 0 0 0 0 0 0 0 0 0 0 0 0 0 0 0 0 0 0 0 0 0 0 0 0 0 0 0 0 0 0 0 0 0 0 0 0 0 0 0 0 0 0 0 0 0 0 0 0 0 0 0 0 0 0 0 0 0 0 0 0 0 0 0 0 0 0 0 0 0 0 0 0 0 0 0 0 0 0 0 0 0 0 0 0 0 0 0 0 0 0 0 0 0 0 0
0 0 0 0 0 0 0 0 0 0 0 0 0 0 0 0 0 0 0 0 0 0 0 0 0 12.286 12.286 12.286 12.286 12.286 2.5714 2.5714 2.5714 2.5714 2.5714 2.5714 2.5714 2.5714 2.5714 2.5714 2.5714 2.5714 2.5714 2.5714 2.5714 2.5714 2.5714 2.5714 2.5714 2.5714 2.5714 2.5714 2.5714 2.5714 2.5714 2.5714 2.5714 2.5714 2.5714 2.5714 0 0 0 0 0 0 0 0 0 0 0 0 0 0 0 0 0 0 0 0 0 0 0 0 0 0 0 0 0 0 0 0 0 0 0 0 0 0 0 0 0 0 0 0 0 0 0 0 0 0 0 0 0 0 0 0 0 0 0 0 0 0 0 0 0 0 0 0 0 0 0 0 0 0 0 0 0 0 0 0 0 0 0 0 0 0 0 0 0 0 0 0 0 0 0 0 0 0 0 0 0 0 0 0 0 0 0 0 0 0 0 0 0 0 0 0 0 0 0 0 0 0 0 0 0 0 0 0 0 0 0 0 0 0 0 0 0 0 0 0
0 0 0 0 0 0 0 0 0 0 0 0 0 0 0 0 0 0 0 0 0 0 0 0 0 12.286 12.286 12.286 12.286 12.286 2.5714 2.5714 2.5714 2.5714 2.5714 2.5714 2.5714 2.5714 2.5714 2.5714 2.5714 2.5714 2.5714 2.5714 2.5714 2.5714 2.5714 2.5714 2.5714 2.5714 2.5714 2.5714 2.5714 2.5714 2.5714 2.5714 2.5714 2.5714 2.5714 2.5714 0 0 0 0 0 0 0 0 0 0 0 0 0 0 0 0 0 0 0 0 0 0 0 0 0 0 0 0 0 0 0 0 0 0 0 0 0 0 0 0 0 0 0 0 0 0 0 0 0 0 0 0 0 0 0 0 0 0 0 0 0 0 0 0 0 0 0 0 0 0 0 0 0 0 0 0 0 0 0 0 0 0 0 0 0 0 0 0 0 0 0 0 0 0 0 0 0 0 0 0 0 0 0 0 0 0 0 0 0 0 0 0 0 0 0 0 0 0 0 0 0 0 0 0 0 0 0 0 0 0 0 0 0 0 0 0 0 0 0 0
0 0 0 0 0 0 0 0 0 0 0 0 0 0 0 0 0 0 0 0 0 0 0 0 0 12.286 12.286 12.286 12.286 12.286 2.5714 2.5714 2.5714 2.5714 2.5714 2.5714 2.5714 2.5714 2.5714 2.5714 2.5714 2.5714 2.5714 2.5714 2.5714 2.5714 2.5714 2.5714 2.5714 2.5714 2.5714 2.5714 2.5714 2.5714 2.5714 2.5714 2.5714 2.5714 2.5714 2.5714 0 0 0 0 0 0 0 0 0 0 0 0 0 0 0 0 0 0 0 0 0 0 0 0 0 0 0 0 0 0 0 0 0 0 0 0 0 0 0 0 0 0 0 0 0 0 0 0 0 0 0 0 0 0 0 0 0 0 0 0 0 0 0 0 0 0 0 0 0 0 0 0 0 0 0 0 0 0 0 0 0 0 0 0 0 0 0 0 0 0 0 0 0 0 0 0 0 0 0 0 0 0 0 0 0 0 0 0 0 0 0 0 0 0 0 0 0 0 0 0 0 0 0 0 0 0 0 0 0 0 0 0 0 0 0 0 0 0 0 0
0 0 0 0 0 0 0 0 0 0 0 0 0 0 0 0 0 0 0 0 0 0 0 0 0 12.286 12.286 12.286 12.286 12.286 2.5714 2.5714 2.5714 2.5714 2.5714 2.5714 2.5714 2.5714 2.5714 2.5714 2.5714 2.5714 2.5714 2.5714 2.5714 2.5714 2.5714 2.5714 2.5714 2.5714 2.5714 2.5714 2.5714 2.5714 2.5714 2.5714 2.5714 2.5714 2.5714 2.5714 0 0 0 0 0 0 0 0 0 0 0 0 0 0 0 0 0 0 0 0 0 0 0 0 0 0 0 0 0 0 0 0 0 0 0 0 0 0 0 0 0 0 0 0 0 0 0 0 0 0 0 0 0 0 0 0 0 0 0 0 0 0 0 0 0 0 0 0 0 0 0 0 0 0 0 0 0 0 0 0 0 0 0 0 0 0 0 0 0 0 0 0 0 0 0 0 0 0 0 0 0 0 0 0 0 0 0 0 0 0 0 0 0 0 0 0 0 0 0 0 0 0 0 0 0 0 0 0 0 0 0 0 0 0 0 0 0 0 0 0
0 0 0 0 0 0 0 0 0 0 0 0 0 0 0 0 0 0 0 0 0 0 0 0 0 12.286 12.286 12.286 12.286 12.286 2.5714 2.5714 2.5714 2.5714 2.5714 2.5714 2.5714 2.5714 2.5714 2.5714 2.5714 2.5714 2.5714 2.5714 2.5714 2.5714 2.5714 2.5714 2.5714 2.5714 2.5714 2.5714 2.5714 2.5714 2.5714 2.5714 2.5714 2.5714 2.5714 2.5714 0 0 0 0 0 0 0 0 0 0 0 0 0 0 0 0 0 0 0 0 0 0 0 0 0 0 0 0 0 0 0 0 0 0 0 0 0 0 0 0 0 0 0 0 0 0 0 0 0 0 0 0 0 0 0 0 0 0 0 0 0 0 0 0 0 0 0 0 0 0 0 0 0 0 0 0 0 0 0 0 0 0 0 0 0 0 0 0 0 0 0 0 0 0 0 0 0 0 0 0 0 0 0 0 0 0 0 0 0 0 0 0 0 0 0 0 0 0 0 0 0 0 0 0 0 0 0 0 0 0 0 0 0 0 0 0 0 0 0 0
0 0 0 0 0 0 0 0 0 0 0 0 0 0 0 0 0 0 0 0 0 0 0 0 0 12.286 12.286 12.286 12.286 12.286 2.5714 2.5714 2.5714 2.5714 2.5714 2.5714 2.5714 2.5714 2.5714 2.5714 2.5714 2.5714 2.5714 2.5714 2.5714 2.5714 2.5714 2.5714 2.5714 2.5714 2.5714 2.5714 2.5714 2.5714 2.5714 2.5714 2.5714 2.5714 2.5714 2.5714 0 0 0 0 0 0 0 0 0 0 0 0 0 0 0 0 0 0 0 0 0 0 0 0 0 0 0 0 0 0 0 0 0 0 0 0 0 0 0 0 0 0 0 0 0 0 0 0 0 0 0 0 0 0 0 0 0 0 0 0 0 0 0 0 0 0 0 0 0 0 0 0 0 0 0 0 0 0 0 0 0 0 0 0 0 0 0 0 0 0 0 0 0 0 0 0 0 0 0 0 0 0 0 0 0 0 0 0 0 0 0 0 0 0 0 0 0 0 0 0 0 0 0 0 0 0 0 0 0 0 0 0 0 0 0 0 0 0 0 0
0 0 0 0 0 0 0 0 0 0 0 0 0 0 0 0 0 0 0 0 0 0 0 0 0 12.286 12.286 12.286 12.286 12.286 2.5714 2.5714 2.5714 2.5714 2.5714 2.5714 2.5714 2.5714 2.5714 2.5714 2.5714 2.5714 2.5714 2.5714 2.5714 2.5714 2.5714 2.5714 2.5714 2.5714 2.5714 2.5714 2.5714 2.5714 2.5714 2.5714 2.5714 2.5714 2.5714 2.5714 0 0 0 0 0 0 0 0 0 0 0 0 0 0 0 0 0 0 0 0 0 0 0 0 0 0 0 0 0 0 0 0 0 0 0 0 0 0 0 0 0 0 0 0 0 0 0 0 0 0 0 0 0 0 0 0 0 0 0 0 0 0 0 0 0 0 0 0 0 0 0 0 0 0 0 0 0 0 0 0 0 0 0 0 0 0 0 0 0 0 0 0 0 0 0 0 0 0 0 0 0 0 0 0 0 0 0 0 0 0 0 0 0 0 0 0 0 0 0 0 0 0 0 0 0 0 0 0 0 0 0 0 0 0 0 0 0 0 0 0
0 0 0 0 0 0 0 0 0 0 0 0 0 0 0 0 0 0 0 0 0 0 0 0 0 12.286 12.286 12.286 12.286 12.286 2.5714 2.5714 2.5714 2.5714 2.5714 2.5714 2.5714 2.5714 2.5714 2.5714 2.5714 2.5714 2.5714 2.5714 2.5714 2.5714 2.5714 2.5714 2.5714 2.5714 2.5714 2.5714 2.5714 2.5714 2.5714 2.5714 2.5714 2.5714 2.5714 2.5714 0 0 0 0 0 0 0 0 0 0 0 0 0 0 0 0 0 0 0 0 0 0 0 0 0 0 0 0 0 0 0 0 0 0 0 0 0 0 0 0 0 0 0 0 0 0 0 0 0 0 0 0 0 0 0 0 0 0 0 0 0 0 0 0 0 0 0 0 0 0 0 0 0 0 0 0 0 0 0 0 0 0 0 0 0 0 0 0 0 0 0 0 0 0 0 0 0 0 0 0 0 0 0 0 0 0 0 0 0 0 0 0 0 0 0 0 0 0 0 0 0 0 0 0 0 0 0 0 0 0 0 0 0 0 0 0 0 0 0 0
0 0 0 0 0 0 0 0 0 0 0 0 0 0 0 0 0 0 0 0 0 0 0 0 0 12.286 12.286 12.286 12.286 12.286 2.5714 2.5714 2.5714 2.5714 2.5714 2.5714 2.5714 2.5714 2.5714 2.5714 2.5714 2.5714 2.5714 2.5714 2.5714 2.5714 2.5714 2.5714 2.5714 2.5714 2.5714 2.5714 2.5714 2.5714 2.5714 2.5714 2.5714 2.5714 2.5714 2.5714 0 0 0 0 0 0 0 0 0 0 0 0 0 0 0 0 0 0 0 0 0 0 0 0 0 0 0 0 0 0 0 0 0 0 0 0 0 0 0 0 0 0 0 0 0 0 0 0 0 0 0 0 0 0 0 0 0 0 0 0 0 0 0 0 0 0 0 0 0 0 0 0 0 0 0 0 0 0 0 0 0 0 0 0 0 0 0 0 0 0 0 0 0 0 0 0 0 0 0 0 0 0 0 0 0 0 0 0 0 0 0 0 0 0 0 0 0 0 0 0 0 0 0 0 0 0 0 0 0 0 0 0 0 0 0 0 0 0 0 0
0 0 0 0 0 0 0 0 0 0 0 0 0 0 0 0 0 0 0 0 0 0 0 0 0 12.286 12.286 12.286 12.286 12.286 2.5714 2.5714 2.5714 2.5714 2.5714 2.5714 2.5714 2.5714 2.5714 2.5714 2.5714 2.5714 2.5714 2.5714 2.5714 2.5714 2.5714 2.5714 2.5714 2.5714 2.5714 2.5714 2.5714 2.5714 2.5714 2.5714 2.5714 2.5714 2.5714 2.5714 0 0 0 0 0 0 0 0 0 0 0 0 0 0 0 0 0 0 0 0 0 0 0 0 0 0 0 0 0 0 0 0 0 0 0 0 0 0 0 0 0 0 0 0 0 0 0 0 0 0 0 0 0 0 0 0 0 0 0 0 0 0 0 0 0 0 0 0 0 0 0 0 0 0 0 0 0 0 0 0 0 0 0 0 0 0 0 0 0 0 0 0 0 0 0 0 0 0 0 0 0 0 0 0 0 0 0 0 0 0 0 0 0 0 0 0 0 0 0 0 0 0 0 0 0 0 0 0 0 0 0 0 0 0 0 0 0 0 0 0
0 0 0 0 0 0 0 0 0 0 0 0 0 0 0 0 0 0 0 0 0 0 0 0 0 12.286 12.286 12.286 12.286 12.286 2.5714 2.5714 2.5714 2.5714 2.5714 2.5714 2.5714 2.5714 2.5714 2.5714 2.5714 2.5714 2.5714 2.5714 2.5714 2.5714 2.5714 2.5714 2.5714 2.5714 2.5714 2.5714 2.5714 2.5714 2.5714 2.5714 2.5714 2.5714 2.5714 2.5714 0 0 0 0 0 0 0 0 0 0 0 0 0 0 0 0 0 0 0 0 0 0 0 0 0 0 0 0 0 0 0 0 0 0 0 0 0 0 0 0 0 0 0 0 0 0 0 0 0 0 0 0 0 0 0 0 0 0 0 0 0 0 0 0 0 0 0 0 0 0 0 0 0 0 0 0 0 0 0 0 0 0 0 0 0 0 0 0 0 0 0 0 0 0 0 0 0 0 0 0 0 0 0 0 0 0 0 0 0 0 0 0 0 0 0 0 0 0 0 0 0 0 0 0 0 0 0 0 0 0 0 0 0 0 0 0 0 0 0 0
0 0 0 0 0 0 0 0 0 0 0 0 0 0 0 0 0 0 0 0 0 0 0 0 0 12.286 12.286 12.286 12.286 12.286 2.5714 2.5714 2.5714 2.5714 2.5714 2.5714 2.5714 2.5714 2.5714 2.5714 2.5714 2.5714 2.5714 2.5714 2.5714 2.5714 2.5714 2.5714 2.5714 2.5714 2.5714 2.5714 2.5714 2.5714 2.5714 2.5714 2.5714 2.5714 2.5714 2.5714 0 0 0 0 0 0 0 0 0 0 0 0 0 0 0 0 0 0 0 0 0 0 0 0 0 0 0 0 0 0 0 0 0 0 0 0 0 0 0 0 0 0 0 0 0 0 0 0 0 0 0 0 0 0 0 0 0 0 0 0 0 0 0 0 0 0 0 0 0 0 0 0 0 0 0 0 0 0 0 0 0 0 0 0 0 0 0 0 0 0 0 0 0 0 0 0 0 0 0 0 0 0 0 0 0 0 0 0 0 0 0 0 0 0 0 0 0 0 0 0 0 0 0 0 0 0 0 0 0 0 0 0 0 0 0 0 0 0 0 0
0 0 0 0 0 0 0 0 0 0 0 0 0 0 0 0 0 0 0 0 0 0 0 0 0 12.286 12.286 12.286 12.286 12.286 2.5714 2.5714 2.5714 2.5714 2.5714 2.5714 2.5714 2.5714 2.5714 2.5714 2.5714 2.5714 2.5714 2.5714 2.5714 2.5714 2.5714 2.5714 2.5714 2.5714 2.5714 2.5714 2.5714 2.5714 2.5714 2.5714 2.5714 2.5714 2.5714 2.5714 0 0 0 0 0 0 0 0 0 0 0 0 0 0 0 0 0 0 0 0 0 0 0 0 0 0 0 0 0 0 0 0 0 0 0 0 0 0 0 0 0 0 0 0 0 0 0 0 0 0 0 0 0 0 0 0 0 0 0 0 0 0 0 0 0 0 0 0 0 0 0 0 0 0 0 0 0 0 0 0 0 0 0 0 0 0 0 0 0 0 0 0 0 0 0 0 0 0 0 0 0 0 0 0 0 0 0 0 0 0 0 0 0 0 0 0 0 0 0 0 0 0 0 0 0 0 0 0 0 0 0 0 0 0 0 0 0 0 0 0
0 0 0 0 0 0 0 0 0 0 0 0 0 0 0 0 0 0 0 0 0 0 0 0 0 12.286 12.286 12.286 12.286 12.286 2.5714 2.5714 2.5714 2.5714 2.5714 2.5714 2.5714 2.5714 2.5714 2.5714 2.5714 2.5714 2.5714 2.5714 2.5714 2.5714 2.5714 2.5714 2.5714 2.5714 2.5714 2.5714 2.5714 2.5714 2.5714 2.5714 2.5714 2.5714 2.5714 2.5714 0 0 0 0 0 0 0 0 0 0 0 0 0 0 0 0 0 0 0 0 0 0 0 0 0 0 0 0 0 0 0 0 0 0 0 0 0 0 0 0 0 0 0 0 0 0 0 0 0 0 0 0 0 0 0 0 0 0 0 0 0 0 0 0 0 0 0 0 0 0 0 0 0 0 0 0 0 0 0 0 0 0 0 0 0 0 0 0 0 0 0 0 0 0 0 0 0 0 0 0 0 0 0 0 0 0 0 0 0 0 0 0 0 0 0 0 0 0 0 0 0 0 0 0 0 0 0 0 0 0 0 0 0 0 0 0 0 0 0 0
0 0 0 0 0 0 0 0 0 0 0 0 0 0 0 0 0 0 0 0 0 0 0 0 0 12.286 12.286 12.286 12.286 12.286 2.5714 2.5714 2.5714 2.5714 2.5714 2.5714 2.5714 2.5714 2.5714 2.5714 2.5714 2.5714 2.5714 2.5714 2.5714 2.5714 2.5714 2.5714 2.5714 2.5714 2.5714 2.5714 2.5714 2.5714 2.5714 2.5714 2.5714 2.5714 2.5714 2.5714 0 0 0 0 0 0 0 0 0 0 0 0 0 0 0 0 0 0 0 0 0 0 0 0 0 0 0 0 0 0 0 0 0 0 0 0 0 0 0 0 0 0 0 0 0 0 0 0 0 0 0 0 0 0 0 0 0 0 0 0 0 0 0 0 0 0 0 0 0 0 0 0 0 0 0 0 0 0 0 0 0 0 0 0 0 0 0 0 0 0 0 0 0 0 0 0 0 0 0 0 0 0 0 0 0 0 0 0 0 0 0 0 0 0 0 0 0 0 0 0 0 0 0 0 0 0 0 0 0 0 0 0 0 0 0 0 0 0 0 0
0 0 0 0 0 0 0 0 0 0 0 0 0 0 0 0 0 0 0 0 0 0 0 0 0 12.286 12.286 12.286 12.286 12.286 2.5714 2.5714 2.5714 2.5714 2.5714 2.5714 2.5714 2.5714 2.5714 2.5714 2.5714 2.5714 2.5714 2.5714 2.5714 2.5714 2.5714 2.5714 2.5714 2.5714 2.5714 2.5714 2.5714 2.5714 2.5714 2.5714 2.5714 2.5714 2.5714 2.5714 0 0 0 0 0 0 0 0 0 0 0 0 0 0 0 0 0 0 0 0 0 0 0 0 0 0 0 0 0 0 0 0 0 0 0 0 0 0 0 0 0 0 0 0 0 0 0 0 0 0 0 0 0 0 0 0 0 0 0 0 0 0 0 0 0 0 0 0 0 0 0 0 0 0 0 0 0 0 0 0 0 0 0 0 0 0 0 0 0 0 0 0 0 0 0 0 0 0 0 0 0 0 0 0 0 0 0 0 0 0 0 0 0 0 0 0 0 0 0 0 0 0 0 0 0 0 0 0 0 0 0 0 0 0 0 0 0 0 0 0
0 0 0 0 0 0 0 0 0 0 0 0 0 0 0 0 0 0 0 0 0 0 0 0 0 12.286 12.286 12.286 12.286 12.286 2.5714 2.5714 2.5714 2.5714 2.5714 2.5714 2.5714 2.5714 2.5714 2.5714 2.5714 2.5714 2.5714 2.5714 2.5714 2.5714 2.5714 2.5714 2.5714 2.5714 2.5714 2.5714 2.5714 2.5714 2.5714 2.5714 2.5714 2.5714 2.5714 2.5714 0 0 0 0 0 0 0 0 0 0 0 0 0 0 0 0 0 0 0 0 0 0 0 0 0 0 0 0 0 0 0 0 0 0 0 0 0 0 0 0 0 0 0 0 0 0 0 0 0 0 0 0 0 0 0 0 0 0 0 0 0 0 0 0 0 0 0 0 0 0 0 0 0 0 0 0 0 0 0 0 0 0 0 0 0 0 0 0 0 0 0 0 0 0 0 0 0 0 0 0 0 0 0 0 0 0 0 0 0 0 0 0 0 0 0 0 0 0 0 0 0 0 0 0 0 0 0 0 0 0 0 0 0 0 0 0 0 0 0 0
0 0 0 0 0 0 0 0 0 0 0 0 0 0 0 0 0 0 0 0 0 0 0 0 0 12.286 12.286 12.286 12.286 12.286 2.5714 2.5714 2.5714 2.5714 2.5714 2.5714 2.5714 2.5714 2.5714 2.5714 2.5714 2.5714 2.5714 2.5714 2.5714 2.5714 2.5714 2.5714 2.5714 2.5714 2.5714 2.5714 2.5714 2.5714 2.5714 2.5714 2.5714 2.5714 2.5714 2.5714 0 0 0 0 0 0 0 0 0 0 0 0 0 0 0 0 0 0 0 0 0 0 0 0 0 0 0 0 0 0 0 0 0 0 0 0 0 0 0 0 0 0 0 0 0 0 0 0 0 0 0 0 0 0 0 0 0 0 0 0 0 0 0 0 0 0 0 0 0 0 0 0 0 0 0 0 0 0 0 0 0 0 0 0 0 0 0 0 0 0 0 0 0 0 0 0 0 0 0 0 0 0 0 0 0 0 0 0 0 0 0 0 0 0 0 0 0 0 0 0 0 0 0 0 0 0 0 0 0 0 0 0 0 0 0 0 0 0 0 0
0 0 0 0 0 0 0 0 0 0 0 0 0 0 0 0 0 0 0 0 0 0 0 0 0 12.286 12.286 12.286 12.286 12.286 2.5714 2.5714 2.5714 2.5714 2.5714 2.5714 2.5714 2.5714 2.5714 2.5714 2.5714 2.5714 2.5714 2.5714 2.5714 2.5714 2.5714 2.5714 2.5714 2.5714 2.5714 2.5714 2.5714 2.5714 2.5714 2.5714 2.5714 2.5714 2.5714 2.5714 0 0 0 0 0 0 0 0 0 0 0 0 0 0 0 0 0 0 0 0 0 0 0 0 0 0 0 0 0 0 0 0 0 0 0 0 0 0 0 0 0 0 0 0 0 0 0 0 0 0 0 0 0 0 0 0 0 0 0 0 0 0 0 0 0 0 0 0 0 0 0 0 0 0 0 0 0 0 0 0 0 0 0 0 0 0 0 0 0 0 0 0 0 0 0 0 0 0 0 0 0 0 0 0 0 0 0 0 0 0 0 0 0 0 0 0 0 0 0 0 0 0 0 0 0 0 0 0 0 0 0 0 0 0 0 0 0 0 0 0
0 0 0 0 0 0 0 0 0 0 0 0 0 0 0 0 0 0 0 0 0 0 0 0 0 12.286 12.286 12.286 12.286 12.286 2.5714 2.5714 2.5714 2.5714 2.5714 2.5714 2.5714 2.5714 2.5714 2.5714 2.5714 2.5714 2.5714 2.5714 2.5714 2.5714 2.5714 2.5714 2.5714 2.5714 2.5714 2.5714 2.5714 2.5714 2.5714 2.5714 2.5714 2.5714 2.5714 2.5714 0 0 0 0 0 0 0 0 0 0 0 0 0 0 0 0 0 0 0 0 0 0 0 0 0 0 0 0 0 0 0 0 0 0 0 0 0 0 0 0 0 0 0 0 0 0 0 0 0 0 0 0 0 0 0 0 0 0 0 0 0 0 0 0 0 0 0 0 0 0 0 0 0 0 0 0 0 0 0 0 0 0 0 0 0 0 0 0 0 0 0 0 0 0 0 0 0 0 0 0 0 0 0 0 0 0 0 0 0 0 0 0 0 0 0 0 0 0 0 0 0 0 0 0 0 0 0 0 0 0 0 0 0 0 0 0 0 0 0 0
0 0 0 0 0 0 0 0 0 0 0 0 0 0 0 0 0 0 0 0 0 0 0 0 0 12.286 12.286 12.286 12.286 12.286 2.5714 2.5714 2.5714 2.5714 2.5714 2.5714 2.5714 2.5714 2.5714 2.5714 2.5714 2.5714 2.5714 2.5714 2.5714 2.5714 2.5714 2.5714 2.5714 2.5714 2.5714 2.5714 2.5714 2.5714 2.5714 2.5714 2.5714 2.5714 2.5714 2.5714 0 0 0 0 0 0 0 0 0 0 0 0 0 0 0 0 0 0 0 0 0 0 0 0 0 0 0 0 0 0 0 0 0 0 0 0 0 0 0 0 0 0 0 0 0 0 0 0 0 0 0 0 0 0 0 0 0 0 0 0 0 0 0 0 0 0 0 0 0 0 0 0 0 0 0 0 0 0 0 0 0 0 0 0 0 0 0 0 0 0 0 0 0 0 0 0 0 0 0 0 0 0 0 0 0 0 0 0 0 0 0 0 0 0 0 0 0 0 0 0 0 0 0 0 0 0 0 0 0 0 0 0 0 0 0 0 0 0 0 0
0 0 0 0 0 0 0 0 0 0 0 0 0 0 0 0 0 0 0 0 0 0 0 0 0 12.286 12.286 12.286 12.286 12.286 2.5714 2.5714 2.5714 2.5714 2.5714 2.5714 2.5714 2.5714 2.5714 2.5714 2.5714 2.5714 2.5714 2.5714 2.5714 2.5714 2.5714 2.5714 2.5714 2.5714 2.5714 2.5714 2.5714 2.5714 2.5714 2.5714 2.5714 2.5714 2.5714 2.5714 0 0 0 0 0 0 0 0 0 0 0 0 0 0 0 0 0 0 0 0 0 0 0 0 0 0 0 0 0 0 0 0 0 0 0 0 0 0 0 0 0 0 0 0 0 0 0 0 0 0 0 0 0 0 0 0 0 0 0 0 0 0 0 0 0 0 0 0 0 0 0 0 0 0 0 0 0 0 0 0 0 0 0 0 0 0 0 0 0 0 0 0 0 0 0 0 0 0 0 0 0 0 0 0 0 0 0 0 0 0 0 0 0 0 0 0 0 0 0 0 0 0 0 0 0 0 0 0 0 0 0 0 0 0 0 0 0 0 0 0
0 0 0 0 0 0 0 0 0 0 0 0 0 0 0 0 0 0 0 0 0 0 0 0 0 12.286 12.286 12.286 12.286 12.286 2.5714 2.5714 2.5714 2.5714 2.5714 2.5714 2.5714 2.5714 2.5714 2.5714 2.5714 2.5714 2.5714 2.5714 2.5714 2.5714 2.5714 2.5714 2.5714 2.5714 2.5714 2.5714 2.5714 2.5714 2.5714 2.5714 2.5714 2.5714 2.5714 2.5714 0 0 0 0 0 0 0 0 0 0 0 0 0 0 0 0 0 0 0 0 0 0 0 0 0 0 0 0 0 0 0 0 0 0 0 0 0 0 0 0 0 0 0 0 0 0 0 0 0 0 0 0 0 0 0 0 0 0 0 0 0 0 0 0 0 0 0 0 0 0 0 0 0 0 0 0 0 0 0 0 0 0 0 0 0 0 0 0 0 0 0 0 0 0 0 0 0 0 0 0 0 0 0 0 0 0 0 0 0 0 0 0 0 0 0 0 0 0 0 0 0 0 0 0 0 0 0 0 0 0 0 0 0 0 0 0 0 0 0 0
0 0 0 0 0 0 0 0 0 0 0 0 0 0 0 0 0 0 0 0 0 0 0 0 0 12.286 12.286 12.286 12.286 12.286 2.5714 2.5714 2.5714 2.5714 2.5714 2.5714 2.5714 2.5714 2.5714 2.5714 2.5714 2.5714 2.5714 2.5714 2.5714 2.5714 2.5714 2.5714 2.5714 2.5714 2.5714 2.5714 2.5714 2.5714 2.5714 2.5714 2.5714 2.5714 2.5714 2.5714 0 0 0 0 0 0 0 0 0 0 0 0 0 0 0 0 0 0 0 0 0 0 0 0 0 0 0 0 0 0 0 0 0 0 0 0 0 0 0 0 0 0 0 0 0 0 0 0 0 0 0 0 0 0 0 0 0 0 0 0 0 0 0 0 0 0 0 0 0 0 0 0 0 0 0 0 0 0 0 0 0 0 0 0 0 0 0 0 0 0 0 0 0 0 0 0 0 0 0 0 0 0 0 0 0 0 0 0 0 0 0 0 0 0 0 0 0 0 0 0 0 0 0 0 0 0 0 0 0 0 0 0 0 0 0 0 0 0 0 0
0 0 0 0 0 0 0 0 0 0 0 0 0 0 0 0 0 0 0 0 0 0 0 0 0 12.286 12.286 12.286 12.286 12.286 2.5714 2.5714 2.5714 2.5714 2.5714 2.5714 2.5714 2.5714 2.5714 2.5714 2.5714 2.5714 2.5714 2.5714 2.5714 2.5714 2.5714 2.5714 2.5714 2.5714 2.5714 2.5714 2.5714 2.5714 2.5714 2.5714 2.5714 2.5714 2.5714 2.5714 0 0 0 0 0 0 0 0 0 0 0 0 0 0 0 0 0 0 0 0 0 0 0 0 0 0 0 0 0 0 0 0 0 0 0 0 0 0 0 0 0 0 0 0 0 0 0 0 0 0 0 0 0 0 0 0 0 0 0 0 0 0 0 0 0 0 0 0 0 0 0 0 0 0 0 0 0 0 0 0 0 0 0 0 0 0 0 0 0 0 0 0 0 0 0 0 0 0 0 0 0 0 0 0 0 0 0 0 0 0 0 0 0 0 0 0 0 0 0 0 0 0 0 0 0 0 0 0 0 0 0 0 0 0 0 0 0 0 0 0
0 0 0 0 0 0 0 0 0 0 0 0 0 0 0 0 0 0 0 0 0 0 0 0 0 12.286 12.286 12.286 12.286 12.286 2.5714 2.5714 2.5714 2.5714 2.5714 2.5714 2.5714 2.5714 2.5714 2.5714 2.5714 2.5714 2.5714 2.5714 2.5714 2.5714 2.5714 2.5714 2.5714 2.5714 2.5714 2.5714 2.5714 2.5714 2.5714 2.5714 2.5714 2.5714 2.5714 2.5714 0 0 0 0 0 0 0 0 0 0 0 0 0 0 0 0 0 0 0 0 0 0 0 0 0 0 0 0 0 0 0 0 0 0 0 0 0 0 0 0 0 0 0 0 0 0 0 0 0 0 0 0 0 0 0 0 0 0 0 0 0 0 0 0 0 0 0 0 0 0 0 0 0 0 0 0 0 0 0 0 0 0 0 0 0 0 0 0 0 0 0 0 0 0 0 0 0 0 0 0 0 0 0 0 0 0 0 0 0 0 0 0 0 0 0 0 0 0 0 0 0 0 0 0 0 0 0 0 0 0 0 0 0 0 0 0 0 0 0 0
0 0 0 0 0 0 0 0 0 0 0 0 0 0 0 0 0 0 0 0 0 0 0 0 0 12.286 12.286 12.286 12.286 12.286 2.5714 2.5714 2.5714 2.5714 2.5714 2.5714 2.5714 2.5714 2.5714 2.5714 2.5714 2.5714 2.5714 2.5714 2.5714 2.5714 2.5714 2.5714 2.5714 2.5714 2.5714 2.5714 2.5714 2.5714 2.5714 2.5714 2.5714 2.5714 2.5714 2.5714 0 0 0 0 0 0 0 0 0 0 0 0 0 0 0 0 0 0 0 0 0 0 0 0 0 0 0 0 0 0 0 0 0 0 0 0 0 0 0 0 0 0 0 0 0 0 0 0 0 0 0 0 0 0 0 0 0 0 0 0 0 0 0 0 0 0 0 0 0 0 0 0 0 0 0 0 0 0 0 0 0 0 0 0 0 0 0 0 0 0 0 0 0 0 0 0 0 0 0 0 0 0 0 0 0 0 0 0 0 0 0 0 0 0 0 0 0 0 0 0 0 0 0 0 0 0 0 0 0 0 0 0 0 0 0 0 0 0 0 0
0 0 0 0 0 0 0 0 0 0 0 0 0 0 0 0 0 0 0 0 0 0 0 0 0 12.286 12.286 12.286 12.286 12.286 2.5714 2.5714 2.5714 2.5714 2.5714 2.5714 2.5714 2.5714 2.5714 2.5714 2.5714 2.5714 2.5714 2.5714 2.5714 2.5714 2.5714 2.5714 2.5714 2.5714 2.5714 2.5714 2.5714 2.5714 2.5714 2.5714 2.5714 2.5714 2.5714 2.5714 0 0 0 0 0 0 0 0 0 0 0 0 0 0 0 0 0 0 0 0 0 0 0 0 0 0 0 0 0 0 0 0 0 0 0 0 0 0 0 0 0 0 0 0 0 0 0 0 0 0 0 0 0 0 0 0 0 0 0 0 0 0 0 0 0 0 0 0 0 0 0 0 0 0 0 0 0 0 0 0 0 0 0 0 0 0 0 0 0 0 0 0 0 0 0 0 0 0 0 0 0 0 0 0 0 0 0 0 0 0 0 0 0 0 0 0 0 0 0 0 0 0 0 0 0 0 0 0 0 0 0 0 0 0 0 0 0 0 0 0
0 0 0 0 0 0 0 0 0 0 0 0 0 0 0 0 0 0 0 0 0 0 0 0 0 12.286 12.286 12.286 12.286 12.286 2.5714 2.5714 2.5714 2.5714 2.5714 2.5714 2.5714 2.5714 2.5714 2.5714 2.5714 2.5714 2.5714 2.5714 2.5714 2.5714 2.5714 2.5714 2.5714 2.5714 2.5714 2.5714 2.5714 2.5714 2.5714 2.5714 2.5714 2.5714 2.5714 2.5714 0 0 0 0 0 0 0 0 0 0 0 0 0 0 0 0 0 0 0 0 0 0 0 0 0 0 0 0 0 0 0 0 0 0 0 0 0 0 0 0 0 0 0 0 0 0 0 0 0 0 0 0 0 0 0 0 0 0 0 0 0 0 0 0 0 0 0 0 0 0 0 0 0 0 0 0 0 0 0 0 0 0 0 0 0 0 0 0 0 0 0 0 0 0 0 0 0 0 0 0 0 0 0 0 0 0 0 0 0 0 0 0 0 0 0 0 0 0 0 0 0 0 0 0 0 0 0 0 0 0 0 0 0 0 0 0 0 0 0 0
0 0 0 0 0 0 0 0 0 0 0 0 0 0 0 0 0 0 0 0 0 0 0 0 0 12.286 12.286 12.286 12.286 12.286 2.5714 2.5714 2.5714 2.5714 2.5714 2.5714 2.5714 2.5714 2.5714 2.5714 2.5714 2.5714 2.5714 2.5714 2.5714 2.5714 2.5714 2.5714 2.5714 2.5714 2.5714 2.5714 2.5714 2.5714 2.5714 2.5714 2.5714 2.5714 2.5714 2.5714 0 0 0 0 0 0 0 0 0 0 0 0 0 0 0 0 0 0 0 0 0 0 0 0 0 0 0 0 0 0 0 0 0 0 0 0 0 0 0 0 0 0 0 0 0 0 0 0 0 0 0 0 0 0 0 0 0 0 0 0 0 0 0 0 0 0 0 0 0 0 0 0 0 0 0 0 0 0 0 0 0 0 0 0 0 0 0 0 0 0 0 0 0 0 0 0 0 0 0 0 0 0 0 0 0 0 0 0 0 0 0 0 0 0 0 0 0 0 0 0 0 0 0 0 0 0 0 0 0 0 0 0 0 0 0 0 0 0 0 0
0 0 0 0 0 0 0 0 0 0 0 0 0 0 0 0 0 0 0 0 0 0 0 0 0 12.286 12.286 12.286 12.286 12.286 2.5714 2.5714 2.5714 2.5714 2.5714 2.5714 2.5714 2.5714 2.5714 2.5714 2.5714 2.5714 2.5714 2.5714 2.5714 2.5714 2.5714 2.5714 2.5714 2.5714 2.5714 2.5714 2.5714 2.5714 2.5714 2.5714 2.5714 2.5714 2.5714 2.5714 0 0 0 0 0 0 0 0 0 0 0 0 0 0 0 0 0 0 0 0 0 0 0 0 0 0 0 0 0 0 0 0 0 0 0 0 0 0 0 0 0 0 0 0 0 0 0 0 0 0 0 0 0 0 0 0 0 0 0 0 0 0 0 0 0 0 0 0 0 0 0 0 0 0 0 0 0 0 0 0 0 0 0 0 0 0 0 0 0 0 0 0 0 0 0 0 0 0 0 0 0 0 0 0 0 0 0 0 0 0 0 0 0 0 0 0 0 0 0 0 0 0 0 0 0 0 0 0 0 0 0 0 0 0 0 0 0 0 0 0
0 0 0 0 0 0 0 0 0 0 0 0 0 0 0 0 0 0 0 0 0 0 0 0 0 12.286 12.286 12.286 12.286 12.286 2.5714 2.5714 2.5714 2.5714 2.5714 2.5714 2.5714 2.5714 2.5714 2.5714 2.5714 2.5714 2.5714 2.5714 2.5714 2.5714 2.5714 2.5714 2.5714 2.5714 2.5714 2.5714 2.5714 2.5714 2.5714 2.5714 2.5714 2.5714 2.5714 2.5714 0 0 0 0 0 0 0 0 0 0 0 0 0 0 0 0 0 0 0 0 0 0 0 0 0 0 0 0 0 0 0 0 0 0 0 0 0 0 0 0 0 0 0 0 0 0 0 0 0 0 0 0 0 0 0 0 0 0 0 0 0 0 0 0 0 0 0 0 0 0 0 0 0 0 0 0 0 0 0 0 0 0 0 0 0 0 0 0 0 0 0 0 0 0 0 0 0 0 0 0 0 0 0 0 0 0 0 0 0 0 0 0 0 0 0 0 0 0 0 0 0 0 0 0 0 0 0 0 0 0 0 0 0 0 0 0 0 0 0 0
0 0 0 0 0 0 0 0 0 0 0 0 0 0 0 0 0 0 0 0 0 0 0 0 0 12.286 12.286 12.286 12.286 12.286 2.5714 2.5714 2.5714 2.5714 2.5714 2.5714 2.5714 2.5714 2.5714 2.5714 2.5714 2.5714 2.5714 2.5714 2.5714 2.5714 2.5714 2.5714 2.5714 2.5714 2.5714 2.5714 2.5714 2.5714 2.5714 2.5714 2.5714 2.5714 2.5714 2.5714 0 0 0 0 0 0 0 0 0 0 0 0 0 0 0 0 0 0 0 0 0 0 0 0 0 0 0 0 0 0 0 0 0 0 0 0 0 0 0 0 0 0 0 0 0 0 0 0 0 0 0 0 0 0 0 0 0 0 0 0 0 0 0 0 0 0 0 0 0 0 0 0 0 0 0 0 0 0 0 0 0 0 0 0 0 0 0 0 0 0 0 0 0 0 0 0 0 0 0 0 0 0 0 0 0 0 0 0 0 0 0 0 0 0 0 0 0 0 0 0 0 0 0 0 0 0 0 0 0 0 0 0 0 0 0 0 0 0 0 0
0 0 0 0 0 0 0 0 0 0 0 0 0 0 0 0 0 0 0 0 0 0 0 0 0 12.286 12.286 12.286 12.286 12.286 2.5714 2.5714 2.5714 2.5714 2.5714 2.5714 2.5714 2.5714 2.5714 2.5714 2.5714 2.5714 2.5714 2.5714 2.5714 2.5714 2.5714 2.5714 2.5714 2.5714 2.5714 2.5714 2.5714 2.5714 2.5714 2.5714 2.5714 2.5714 2.5714 2.5714 0 0 0 0 0 0 0 0 0 0 0 0 0 0 0 0 0 0 0 0 0 0 0 0 0 0 0 0 0 0 0 0 0 0 0 0 0 0 0 0 0 0 0 0 0 0 0 0 0 0 0 0 0 0 0 0 0 0 0 0 0 0 0 0 0 0 0 0 0 0 0 0 0 0 0 0 0 0 0 0 0 0 0 0 0 0 0 0 0 0 0 0 0 0 0 0 0 0 0 0 0 0 0 0 0 0 0 0 0 0 0 0 0 0 0 0 0 0 0 0 0 0 0 0 0 0 0 0 0 0 0 0 0 0 0 0 0 0 0 0
0 0 0 0 0 0 0 0 0 0 0 0 0 0 0 0 0 0 0 0 0 0 0 0 0 12.286 12.286 12.286 12.286 12.286 2.5714 2.5714 2.5714 2.5714 2.5714 2.5714 2.5714 2.5714 2.5714 2.5714 2.5714 2.5714 2.5714 2.5714 2.5714 2.5714 2.5714 2.5714 2.5714 2.5714 2.5714 2.5714 2.5714 2.5714 2.5714 2.5714 2.5714 2.5714 2.5714 2.5714 0 0 0 0 0 0 0 0 0 0 0 0 0 0 0 0 0 0 0 0 0 0 0 0 0 0 0 0 0 0 0 0 0 0 0 0 0 0 0 0 0 0 0 0 0 0 0 0 0 0 0 0 0 0 0 0 0 0 0 0 0 0 0 0 0 0 0 0 0 0 0 0 0 0 0 0 0 0 0 0 0 0 0 0 0 0 0 0 0 0 0 0 0 0 0 0 0 0 0 0 0 0 0 0 0 0 0 0 0 0 0 0 0 0 0 0 0 0 0 0 0 0 0 0 0 0 0 0 0 0 0 0 0 0 0 0 0 0 0 0
0 0 0 0 0 0 0 0 0 0 0 0 0 0 0 0 0 0 0 0 0 0 0 0 0 12.286 12.286 12.286 12.286 12.286 2.5714 2.5714 2.5714 2.5714 2.5714 2.5714 2.5714 2.5714 2.5714 2.5714 2.5714 2.5714 2.5714 2.5714 2.5714 2.5714 2.5714 2.5714 2.5714 2.5714 2.5714 2.5714 2.5714 2.5714 2.5714 2.5714 2.5714 2.5714 2.5714 2.5714 0 0 0 0 0 0 0 0 0 0 0 0 0 0 0 0 0 0 0 0 0 0 0 0 0 0 0 0 0 0 0 0 0 0 0 0 0 0 0 0 0 0 0 0 0 0 0 0 0 0 0 0 0 0 0 0 0 0 0 0 0 0 0 0 0 0 0 0 0 0 0 0 0 0 0 0 0 0 0 0 0 0 0 0 0 0 0 0 0 0 0 0 0 0 0 0 0 0 0 0 0 0 0 0 0 0 0 0 0 0 0 0 0 0 0 0 0 0 0 0 0 0 0 0 0 0 0 0 0 0 0 0 0 0 0 0 0 0 0 0
0 0 0 0 0 0 0 0 0 0 0 0 0 0 0 0 0 0 0 0 0 0 0 0 0 12.286 12.286 12.286 12.286 12.286 2.5714 2.5714 2.5714 2.5714 2.5714 2.5714 2.5714 2.5714 2.5714 2.5714 2.5714 2.5714 2.5714 2.5714 2.5714 2.5714 2.5714 2.5714 2.5714 2.5714 2.5714 2.5714 2.5714 2.5714 2.5714 2.5714 2.5714 2.5714 2.5714 2.5714 0 0 0 0 0 0 0 0 0 0 0 0 0 0 0 0 0 0 0 0 0 0 0 0 0 0 0 0 0 0 0 0 0 0 0 0 0 0 0 0 0 0 0 0 0 0 0 0 0 0 0 0 0 0 0 0 0 0 0 0 0 0 0 0 0 0 0 0 0 0 0 0 0 0 0 0 0 0 0 0 0 0 0 0 0 0 0 0 0 0 0 0 0 0 0 0 0 0 0 0 0 0 0 0 0 0 0 0 0 0 0 0 0 0 0 0 0 0 0 0 0 0 0 0 0 0 0 0 0 0 0 0 0 0 0 0 0 0 0 0
0 0 0 0 0 0 0 0 0 0 0 0 0 0 0 0 0 0 0 0 0 0 0 0 0 12.286 12.286 12.286 12.286 12.286 2.5714 2.5714 2.5714 2.5714 2.5714 2.5714 2.5714 2.5714 2.5714 2.5714 2.5714 2.5714 2.5714 2.5714 2.5714 2.5714 2.5714 2.5714 2.5714 2.5714 2.5714 2.5714 2.5714 2.5714 2.5714 2.5714 2.5714 2.5714 2.5714 2.5714 0 0 0 0 0 0 0 0 0 0 0 0 0 0 0 0 0 0 0 0 0 0 0 0 0 0 0 0 0 0 0 0 0 0 0 0 0 0 0 0 0 0 0 0 0 0 0 0 0 0 0 0 0 0 0 0 0 0 0 0 0 0 0 0 0 0 0 0 0 0 0 0 0 0 0 0 0 0 0 0 0 0 0 0 0 0 0 0 0 0 0 0 0 0 0 0 0 0 0 0 0 0 0 0 0 0 0 0 0 0 0 0 0 0 0 0 0 0 0 0 0 0 0 0 0 0 0 0 0 0 0 0 0 0 0 0 0 0 0 0
