0 0 0 0 0 0 0 0 0 0 0 0 0 0 0 0.57143 0.57143 0.57143 0.57143 0.57143 0.57143 0.57143 0.57143 0.57143 0.57143 1.2381 1.2381 1.2381 1.2381 1.2381 1.2381 1.2381 1.2381 1.2381 1.2381 1.2381 1.2381 1.2381 1.2381 1.2381 1.2381 1.2381 1.2381 1.2381 1.2381 0 0 0 0 0 0 0 0 0 0 0 0 0 0 0 0 0 0 0 0 0 0 0 0 0 0 0 0 0 0 0 0 0 0 0 0 0 0 0 0 0 0 0 0 0 0 0 0 0 0 0 0 0 0 0 0 0 0 0 0 0 0 0 0 0 0 0 0 0 0 0 0 0 0 0 0 0 0 0 0 0 0 0 0 0 0 0 0 0 0 0 0 0 0 0 0 0 0 0 0 0 0 0 0 0 0 0 0 0 0 0 0 0 0 0 0 0 0 0 0 0 0 0 0 0 0 0 0 0 0 0 0 0 0 0 0 0 0 0 0
0 0 0 0 0 0 0 0 0 0 0 0 0 0 0 0.57143 0.57143 0.57143 0.57143 0.57143 0.57143 0.57143 0.57143 0.57143 0.57143 1.2381 1.2381 1.2381 1.2381 1.2381 1.2381 1.2381 1.2381 1.2381 1.2381 1.2381 1.2381 1.2381 1.2381 1.2381 1.2381 1.2381 1.2381 1.2381 1.2381 0 0 0 0 0 0 0 0 0 0 0 0 0 0 0 0 0 0 0 0 0 0 0 0 0 0 0 0 0 0 0 0 0 0 0 0 0 0 0 0 0 0 0 0 0 0 0 0 0 0 0 0 0 0 0 0 0 0 0 0 0 0 0 0 0 0 0 0 0 0 0 0 0 0 0 0 0 0 0 0 0 0 0 0 0 0 0 0 0 0 0 0 0 0 0 0 0 0 0 0 0 0 0 0 0 0 0 0 0 0 0 0 0 0 0 0 0 0 0 0 0 0 0 0 0 0 0 0 0 0 0 0 0 0 0 0 0 0 0 0
0 0 0 0 0 0 0 0 0 0 0 0 0 0 0 0.57143 0.57143 0.57143 0.57143 0.57143 0.57143 0.57143 0.57143 0.57143 0.57143 1.2381 1.2381 1.2381 1.2381 1.2381 1.2381 1.2381 1.2381 1.2381 1.2381 1.2381 1.2381 1.2381 1.2381 1.2381 1.2381 1.2381 1.2381 1.2381 1.2381 0 0 0 0 0 0 0 0 0 0 0 0 0 0 0 0 0 0 0 0 0 0 0 0 0 0 0 0 0 0 0 0 0 0 0 0 0 0 0 0 0 0 0 0 0 0 0 0 0 0 0 0 0 0 0 0 0 0 0 0 0 0 0 0 0 0 0 0 0 0 0 0 0 0 0 0 0 0 0 0 0 0 0 0 0 0 0 0 0 0 0 0 0 0 0 0 0 0 0 0 0 0 0 0 0 0 0 0 0 0 0 0 0 0 0 0 0 0 0 0 0 0 0 0 0 0 0 0 0 0 0 0 0 0 0 0 0 0 0 0
0 0 0 0 0 0 0 0 0 0 0 0 0 0 0 0.57143 0.57143 0.57143 0.57143 0.57143 0.57143 0.57143 0.57143 0.57143 0.57143 1.2381 1.2381 1.2381 1.2381 1.2381 1.2381 1.2381 1.2381 1.2381 1.2381 1.2381 1.2381 1.2381 1.2381 1.2381 1.2381 1.2381 1.2381 1.2381 1.2381 0 0 0 0 0 0 0 0 0 0 0 0 0 0 0 0 0 0 0 0 0 0 0 0 0 0 0 0 0 0 0 0 0 0 0 0 0 0 0 0 0 0 0 0 0 0 0 0 0 0 0 0 0 0 0 0 0 0 0 0 0 0 0 0 0 0 0 0 0 0 0 0 0 0 0 0 0 0 0 0 0 0 0 0 0 0 0 0 0 0 0 0 0 0 0 0 0 0 0 0 0 0 0 0 0 0 0 0 0 0 0 0 0 0 0 0 0 0 0 0 0 0 0 0 0 0 0 0 0 0 0 0 0 0 0 0 0 0 0 0
0 0 0 0 0 0 0 0 0 0 0 0 0 0 0 0.57143 0.57143 0.57143 0.57143 0.57143 0.57143 0.57143 0.57143 0.57143 0.57143 1.2381 1.2381 1.2381 1.2381 1.2381 1.2381 1.2381 1.2381 1.2381 1.2381 1.2381 1.2381 1.2381 1.2381 1.2381 1.2381 1.2381 1.2381 1.2381 1.2381 0 0 0 0 0 0 0 0 0 0 0 0 0 0 0 0 0 0 0 0 0 0 0 0 0 0 0 0 0 0 0 0 0 0 0 0 0 0 0 0 0 0 0 0 0 0 0 0 0 0 0 0 0 0 0 0 0 0 0 0 0 0 0 0 0 0 0 0 0 0 0 0 0 0 0 0 0 0 0 0 0 0 0 0 0 0 0 0 0 0 0 0 0 0 0 0 0 0 0 0 0 0 0 0 0 0 0 0 0 0 0 0 0 0 0 0 0 0 0 0 0 0 0 0 0 0 0 0 0 0 0 0 0 0 0 0 0 0 0 0
0 0 0 0 0 0 0 0 0 0 0 0 0 0 0 0.57143 0.57143 0.57143 0.57143 0.57143 0.57143 0.57143 0.57143 0.57143 0.57143 1.2381 1.2381 1.2381 1.2381 1.2381 1.2381 1.2381 1.2381 1.2381 1.2381 1.2381 1.2381 1.2381 1.2381 1.2381 1.2381 1.2381 1.2381 1.2381 1.2381 0 0 0 0 0 0 0 0 0 0 0 0 0 0 0 0 0 0 0 0 0 0 0 0 0 0 0 0 0 0 0 0 0 0 0 0 0 0 0 0 0 0 0 0 0 0 0 0 0 0 0 0 0 0 0 0 0 0 0 0 0 0 0 0 0 0 0 0 0 0 0 0 0 0 0 0 0 0 0 0 0 0 0 0 0 0 0 0 0 0 0 0 0 0 0 0 0 0 0 0 0 0 0 0 0 0 0 0 0 0 0 0 0 0 0 0 0 0 0 0 0 0 0 0 0 0 0 0 0 0 0 0 0 0 0 0 0 0 0 0
0 0 0 0 0 0 0 0 0 0 0 0 0 0 0 0.57143 0.57143 0.57143 0.57143 0.57143 0.57143 0.57143 0.57143 0.57143 0.57143 1.2381 1.2381 1.2381 1.2381 1.2381 1.2381 1.2381 1.2381 1.2381 1.2381 1.2381 1.2381 1.2381 1.2381 1.2381 1.2381 1.2381 1.2381 1.2381 1.2381 0 0 0 0 0 0 0 0 0 0 0 0 0 0 0 0 0 0 0 0 0 0 0 0 0 0 0 0 0 0 0 0 0 0 0 0 0 0 0 0 0 0 0 0 0 0 0 0 0 0 0 0 0 0 0 0 0 0 0 0 0 0 0 0 0 0 0 0 0 0 0 0 0 0 0 0 0 0 0 0 0 0 0 0 0 0 0 0 0 0 0 0 0 0 0 0 0 0 0 0 0 0 0 0 0 0 0 0 0 0 0 0 0 0 0 0 0 0 0 0 0 0 0 0 0 0 0 0 0 0 0 0 0 0 0 0 0 0 0 0
0 0 0 0 0 0 0 0 0 0 0 0 0 0 0 0.57143 0.57143 0.57143 0.57143 0.57143 0.57143 0.57143 0.57143 0.57143 0.57143 1.2381 1.2381 1.2381 1.2381 1.2381 1.2381 1.2381 1.2381 1.2381 1.2381 1.2381 1.2381 1.2381 1.2381 1.2381 1.2381 1.2381 1.2381 1.2381 1.2381 0 0 0 0 0 0 0 0 0 0 0 0 0 0 0 0 0 0 0 0 0 0 0 0 0 0 0 0 0 0 0 0 0 0 0 0 0 0 0 0 0 0 0 0 0 0 0 0 0 0 0 0 0 0 0 0 0 0 0 0 0 0 0 0 0 0 0 0 0 0 0 0 0 0 0 0 0 0 0 0 0 0 0 0 0 0 0 0 0 0 0 0 0 0 0 0 0 0 0 0 0 0 0 0 0 0 0 0 0 0 0 0 0 0 0 0 0 0 0 0 0 0 0 0 0 0 0 0 0 0 0 0 0 0 0 0 0 0 0 0
0 0 0 0 0 0 0 0 0 0 0 0 0 0 0 0.57143 0.57143 0.57143 0.57143 0.57143 0.57143 0.57143 0.57143 0.57143 0.57143 1.2381 1.2381 1.2381 1.2381 1.2381 1.2381 1.2381 1.2381 1.2381 1.2381 1.2381 1.2381 1.2381 1.2381 1.2381 1.2381 1.2381 1.2381 1.2381 1.2381 0 0 0 0 0 0 0 0 0 0 0 0 0 0 0 0 0 0 0 0 0 0 0 0 0 0 0 0 0 0 0 0 0 0 0 0 0 0 0 0 0 0 0 0 0 0 0 0 0 0 0 0 0 0 0 0 0 0 0 0 0 0 0 0 0 0 0 0 0 0 0 0 0 0 0 0 0 0 0 0 0 0 0 0 0 0 0 0 0 0 0 0 0 0 0 0 0 0 0 0 0 0 0 0 0 0 0 0 0 0 0 0 0 0 0 0 0 0 0 0 0 0 0 0 0 0 0 0 0 0 0 0 0 0 0 0 0 0 0 0
0 0 0 0 0 0 0 0 0 0 0 0 0 0 0 0.57143 0.57143 0.57143 0.57143 0.57143 0.57143 0.57143 0.57143 0.57143 0.57143 1.2381 1.2381 1.2381 1.2381 1.2381 1.2381 1.2381 1.2381 1.2381 1.2381 1.2381 1.2381 1.2381 1.2381 1.2381 1.2381 1.2381 1.2381 1.2381 1.2381 0 0 0 0 0 0 0 0 0 0 0 0 0 0 0 0 0 0 0 0 0 0 0 0 0 0 0 0 0 0 0 0 0 0 0 0 0 0 0 0 0 0 0 0 0 0 0 0 0 0 0 0 0 0 0 0 0 0 0 0 0 0 0 0 0 0 0 0 0 0 0 0 0 0 0 0 0 0 0 0 0 0 0 0 0 0 0 0 0 0 0 0 0 0 0 0 0 0 0 0 0 0 0 0 0 0 0 0 0 0 0 0 0 0 0 0 0 0 0 0 0 0 0 0 0 0 0 0 0 0 0 0 0 0 0 0 0 0 0 0
0 0 0 0 0 0 0 0 0 0 0 0 0 0 0 0.57143 0.57143 0.57143 0.57143 0.57143 0.57143 0.57143 0.57143 0.57143 0.57143 1.2381 1.2381 1.2381 1.2381 1.2381 1.2381 1.2381 1.2381 1.2381 1.2381 1.2381 1.2381 1.2381 1.2381 1.2381 1.2381 1.2381 1.2381 1.2381 1.2381 0 0 0 0 0 0 0 0 0 0 0 0 0 0 0 0 0 0 0 0 0 0 0 0 0 0 0 0 0 0 0 0 0 0 0 0 0 0 0 0 0 0 0 0 0 0 0 0 0 0 0 0 0 0 0 0 0 0 0 0 0 0 0 0 0 0 0 0 0 0 0 0 0 0 0 0 0 0 0 0 0 0 0 0 0 0 0 0 0 0 0 0 0 0 0 0 0 0 0 0 0 0 0 0 0 0 0 0 0 0 0 0 0 0 0 0 0 0 0 0 0 0 0 0 0 0 0 0 0 0 0 0 0 0 0 0 0 0 0 0
0 0 0 0 0 0 0 0 0 0 0 0 0 0 0 0.57143 0.57143 0.57143 0.57143 0.57143 0.57143 0.57143 0.57143 0.57143 0.57143 1.2381 1.2381 1.2381 1.2381 1.2381 1.2381 1.2381 1.2381 1.2381 1.2381 1.2381 1.2381 1.2381 1.2381 1.2381 1.2381 1.2381 1.2381 1.2381 1.2381 0 0 0 0 0 0 0 0 0 0 0 0 0 0 0 0 0 0 0 0 0 0 0 0 0 0 0 0 0 0 0 0 0 0 0 0 0 0 0 0 0 0 0 0 0 0 0 0 0 0 0 0 0 0 0 0 0 0 0 0 0 0 0 0 0 0 0 0 0 0 0 0 0 0 0 0 0 0 0 0 0 0 0 0 0 0 0 0 0 0 0 0 0 0 0 0 0 0 0 0 0 0 0 0 0 0 0 0 0 0 0 0 0 0 0 0 0 0 0 0 0 0 0 0 0 0 0 0 0 0 0 0 0 0 0 0 0 0 0 0
0 0 0 0 0 0 0 0 0 0 0 0 0 0 0 0.57143 0.57143 0.57143 0.57143 0.57143 0.57143 0.57143 0.57143 0.57143 0.57143 1.2381 1.2381 1.2381 1.2381 1.2381 1.2381 1.2381 1.2381 1.2381 1.2381 1.2381 1.2381 1.2381 1.2381 1.2381 1.2381 1.2381 1.2381 1.2381 1.2381 0 0 0 0 0 0 0 0 0 0 0 0 0 0 0 0 0 0 0 0 0 0 0 0 0 0 0 0 0 0 0 0 0 0 0 0 0 0 0 0 0 0 0 0 0 0 0 0 0 0 0 0 0 0 0 0 0 0 0 0 0 0 0 0 0 0 0 0 0 0 0 0 0 0 0 0 0 0 0 0 0 0 0 0 0 0 0 0 0 0 0 0 0 0 0 0 0 0 0 0 0 0 0 0 0 0 0 0 0 0 0 0 0 0 0 0 0 0 0 0 0 0 0 0 0 0 0 0 0 0 0 0 0 0 0 0 0 0 0 0
0 0 0 0 0 0 0 0 0 0 0 0 0 0 0 0.57143 0.57143 0.57143 0.57143 0.57143 0.57143 0.57143 0.57143 0.57143 0.57143 1.2381 1.2381 1.2381 1.2381 1.2381 1.2381 1.2381 1.2381 1.2381 1.2381 1.2381 1.2381 1.2381 1.2381 1.2381 1.2381 1.2381 1.2381 1.2381 1.2381 0 0 0 0 0 0 0 0 0 0 0 0 0 0 0 0 0 0 0 0 0 0 0 0 0 0 0 0 0 0 0 0 0 0 0 0 0 0 0 0 0 0 0 0 0 0 0 0 0 0 0 0 0 0 0 0 0 0 0 0 0 0 0 0 0 0 0 0 0 0 0 0 0 0 0 0 0 0 0 0 0 0 0 0 0 0 0 0 0 0 0 0 0 0 0 0 0 0 0 0 0 0 0 0 0 0 0 0 0 0 0 0 0 0 0 0 0 0 0 0 0 0 0 0 0 0 0 0 0 0 0 0 0 0 0 0 0 0 0 0
0 0 0 0 0 0 0 0 0 0 0 0 0 0 0 0.57143 0.57143 0.57143 0.57143 0.57143 0.57143 0.57143 0.57143 0.57143 0.57143 1.2381 1.2381 1.2381 1.2381 1.2381 1.2381 1.2381 1.2381 1.2381 1.2381 1.2381 1.2381 1.2381 1.2381 1.2381 1.2381 1.2381 1.2381 1.2381 1.2381 0 0 0 0 0 0 0 0 0 0 0 0 0 0 0 0 0 0 0 0 0 0 0 0 0 0 0 0 0 0 0 0 0 0 0 0 0 0 0 0 0 0 0 0 0 0 0 0 0 0 0 0 0 0 0 0 0 0 0 0 0 0 0 0 0 0 0 0 0 0 0 0 0 0 0 0 0 0 0 0 0 0 0 0 0 0 0 0 0 0 0 0 0 0 0 0 0 0 0 0 0 0 0 0 0 0 0 0 0 0 0 0 0 0 0 0 0 0 0 0 0 0 0 0 0 0 0 0 0 0 0 0 0 0 0 0 0 0 0 0
0 0 0 0 0 0 0 0 0 0 0 0 0 0 0 0.57143 0.57143 0.57143 0.57143 0.57143 0.57143 0.57143 0.57143 0.57143 0.57143 1.2381 1.2381 1.2381 1.2381 1.2381 1.2381 1.2381 1.2381 1.2381 1.2381 1.2381 1.2381 1.2381 1.2381 1.2381 1.2381 1.2381 1.2381 1.2381 1.2381 0 0 0 0 0 0 0 0 0 0 0 0 0 0 0 0 0 0 0 0 0 0 0 0 0 0 0 0 0 0 0 0 0 0 0 0 0 0 0 0 0 0 0 0 0 0 0 0 0 0 0 0 0 0 0 0 0 0 0 0 0 0 0 0 0 0 0 0 0 0 0 0 0 0 0 0 0 0 0 0 0 0 0 0 0 0 0 0 0 0 0 0 0 0 0 0 0 0 0 0 0 0 0 0 0 0 0 0 0 0 0 0 0 0 0 0 0 0 0 0 0 0 0 0 0 0 0 0 0 0 0 0 0 0 0 0 0 0 0 0
0 0 0 0 0 0 0 0 0 0 0 0 0 0 0 0.57143 0.57143 0.57143 0.57143 0.57143 0.57143 0.57143 0.57143 0.57143 0.57143 1.2381 1.2381 1.2381 1.2381 1.2381 1.2381 1.2381 1.2381 1.2381 1.2381 1.2381 1.2381 1.2381 1.2381 1.2381 1.2381 1.2381 1.2381 1.2381 1.2381 0 0 0 0 0 0 0 0 0 0 0 0 0 0 0 0 0 0 0 0 0 0 0 0 0 0 0 0 0 0 0 0 0 0 0 0 0 0 0 0 0 0 0 0 0 0 0 0 0 0 0 0 0 0 0 0 0 0 0 0 0 0 0 0 0 0 0 0 0 0 0 0 0 0 0 0 0 0 0 0 0 0 0 0 0 0 0 0 0 0 0 0 0 0 0 0 0 0 0 0 0 0 0 0 0 0 0 0 0 0 0 0 0 0 0 0 0 0 0 0 0 0 0 0 0 0 0 0 0 0 0 0 0 0 0 0 0 0 0 0
0 0 0 0 0 0 0 0 0 0 0 0 0 0 0 0.57143 0.57143 0.57143 0.57143 0.57143 0.57143 0.57143 0.57143 0.57143 0.57143 1.2381 1.2381 1.2381 1.2381 1.2381 1.2381 1.2381 1.2381 1.2381 1.2381 1.2381 1.2381 1.2381 1.2381 1.2381 1.2381 1.2381 1.2381 1.2381 1.2381 0 0 0 0 0 0 0 0 0 0 0 0 0 0 0 0 0 0 0 0 0 0 0 0 0 0 0 0 0 0 0 0 0 0 0 0 0 0 0 0 0 0 0 0 0 0 0 0 0 0 0 0 0 0 0 0 0 0 0 0 0 0 0 0 0 0 0 0 0 0 0 0 0 0 0 0 0 0 0 0 0 0 0 0 0 0 0 0 0 0 0 0 0 0 0 0 0 0 0 0 0 0 0 0 0 0 0 0 0 0 0 0 0 0 0 0 0 0 0 0 0 0 0 0 0 0 0 0 0 0 0 0 0 0 0 0 0 0 0 0
0 0 0 0 0 0 0 0 0 0 0 0 0 0 0 0.57143 0.57143 0.57143 0.57143 0.57143 0.57143 0.57143 0.57143 0.57143 0.57143 1.2381 1.2381 1.2381 1.2381 1.2381 1.2381 1.2381 1.2381 1.2381 1.2381 1.2381 1.2381 1.2381 1.2381 1.2381 1.2381 1.2381 1.2381 1.2381 1.2381 0 0 0 0 0 0 0 0 0 0 0 0 0 0 0 0 0 0 0 0 0 0 0 0 0 0 0 0 0 0 0 0 0 0 0 0 0 0 0 0 0 0 0 0 0 0 0 0 0 0 0 0 0 0 0 0 0 0 0 0 0 0 0 0 0 0 0 0 0 0 0 0 0 0 0 0 0 0 0 0 0 0 0 0 0 0 0 0 0 0 0 0 0 0 0 0 0 0 0 0 0 0 0 0 0 0 0 0 0 0 0 0 0 0 0 0 0 0 0 0 0 0 0 0 0 0 0 0 0 0 0 0 0 0 0 0 0 0 0 0
0 0 0 0 0 0 0 0 0 0 0 0 0 0 0 0.57143 0.57143 0.57143 0.57143 0.57143 0.57143 0.57143 0.57143 0.57143 0.57143 1.2381 1.2381 1.2381 1.2381 1.2381 1.2381 1.2381 1.2381 1.2381 1.2381 1.2381 1.2381 1.2381 1.2381 1.2381 1.2381 1.2381 1.2381 1.2381 1.2381 0 0 0 0 0 0 0 0 0 0 0 0 0 0 0 0 0 0 0 0 0 0 0 0 0 0 0 0 0 0 0 0 0 0 0 0 0 0 0 0 0 0 0 0 0 0 0 0 0 0 0 0 0 0 0 0 0 0 0 0 0 0 0 0 0 0 0 0 0 0 0 0 0 0 0 0 0 0 0 0 0 0 0 0 0 0 0 0 0 0 0 0 0 0 0 0 0 0 0 0 0 0 0 0 0 0 0 0 0 0 0 0 0 0 0 0 0 0 0 0 0 0 0 0 0 0 0 0 0 0 0 0 0 0 0 0 0 0 0 0
0 0 0 0 0 0 0 0 0 0 0 0 0 0 0 0.57143 0.57143 0.57143 0.57143 0.57143 0.57143 0.57143 0.57143 0.57143 0.57143 1.2381 1.2381 1.2381 1.2381 1.2381 1.2381 1.2381 1.2381 1.2381 1.2381 1.2381 1.2381 1.2381 1.2381 1.2381 1.2381 1.2381 1.2381 1.2381 1.2381 0 0 0 0 0 0 0 0 0 0 0 0 0 0 0 0 0 0 0 0 0 0 0 0 0 0 0 0 0 0 0 0 0 0 0 0 0 0 0 0 0 0 0 0 0 0 0 0 0 0 0 0 0 0 0 0 0 0 0 0 0 0 0 0 0 0 0 0 0 0 0 0 0 0 0 0 0 0 0 0 0 0 0 0 0 0 0 0 0 0 0 0 0 0 0 0 0 0 0 0 0 0 0 0 0 0 0 0 0 0 0 0 0 0 0 0 0 0 0 0 0 0 0 0 0 0 0 0 0 0 0 0 0 0 0 0 0 0 0 0
0 0 0 0 0 0 0 0 0 0 0 0 0 0 0 0.57143 0.57143 0.57143 0.57143 0.57143 0.57143 0.57143 0.57143 0.57143 0.57143 1.2381 1.2381 1.2381 1.2381 1.2381 1.2381 1.2381 1.2381 1.2381 1.2381 1.2381 1.2381 1.2381 1.2381 1.2381 1.2381 1.2381 1.2381 1.2381 1.2381 0 0 0 0 0 0 0 0 0 0 0 0 0 0 0 0 0 0 0 0 0 0 0 0 0 0 0 0 0 0 0 0 0 0 0 0 0 0 0 0 0 0 0 0 0 0 0 0 0 0 0 0 0 0 0 0 0 0 0 0 0 0 0 0 0 0 0 0 0 0 0 0 0 0 0 0 0 0 0 0 0 0 0 0 0 0 0 0 0 0 0 0 0 0 0 0 0 0 0 0 0 0 0 0 0 0 0 0 0 0 0 0 0 0 0 0 0 0 0 0 0 0 0 0 0 0 0 0 0 0 0 0 0 0 0 0 0 0 0 0
0 0 0 0 0 0 0 0 0 0 0 0 0 0 0 0.57143 0.57143 0.57143 0.57143 0.57143 0.57143 0.57143 0.57143 0.57143 0.57143 1.2381 1.2381 1.2381 1.2381 1.2381 1.2381 1.2381 1.2381 1.2381 1.2381 1.2381 1.2381 1.2381 1.2381 1.2381 1.2381 1.2381 1.2381 1.2381 1.2381 0 0 0 0 0 0 0 0 0 0 0 0 0 0 0 0 0 0 0 0 0 0 0 0 0 0 0 0 0 0 0 0 0 0 0 0 0 0 0 0 0 0 0 0 0 0 0 0 0 0 0 0 0 0 0 0 0 0 0 0 0 0 0 0 0 0 0 0 0 0 0 0 0 0 0 0 0 0 0 0 0 0 0 0 0 0 0 0 0 0 0 0 0 0 0 0 0 0 0 0 0 0 0 0 0 0 0 0 0 0 0 0 0 0 0 0 0 0 0 0 0 0 0 0 0 0 0 0 0 0 0 0 0 0 0 0 0 0 0 0
0 0 0 0 0 0 0 0 0 0 0 0 0 0 0 0.57143 0.57143 0.57143 0.57143 0.57143 0.57143 0.57143 0.57143 0.57143 0.57143 1.2381 1.2381 1.2381 1.2381 1.2381 1.2381 1.2381 1.2381 1.2381 1.2381 1.2381 1.2381 1.2381 1.2381 1.2381 1.2381 1.2381 1.2381 1.2381 1.2381 0 0 0 0 0 0 0 0 0 0 0 0 0 0 0 0 0 0 0 0 0 0 0 0 0 0 0 0 0 0 0 0 0 0 0 0 0 0 0 0 0 0 0 0 0 0 0 0 0 0 0 0 0 0 0 0 0 0 0 0 0 0 0 0 0 0 0 0 0 0 0 0 0 0 0 0 0 0 0 0 0 0 0 0 0 0 0 0 0 0 0 0 0 0 0 0 0 0 0 0 0 0 0 0 0 0 0 0 0 0 0 0 0 0 0 0 0 0 0 0 0 0 0 0 0 0 0 0 0 0 0 0 0 0 0 0 0 0 0 0
0 0 0 0 0 0 0 0 0 0 0 0 0 0 0 0.57143 0.57143 0.57143 0.57143 0.57143 0.57143 0.57143 0.57143 0.57143 0.57143 1.2381 1.2381 1.2381 1.2381 1.2381 1.2381 1.2381 1.2381 1.2381 1.2381 1.2381 1.2381 1.2381 1.2381 1.2381 1.2381 1.2381 1.2381 1.2381 1.2381 0 0 0 0 0 0 0 0 0 0 0 0 0 0 0 0 0 0 0 0 0 0 0 0 0 0 0 0 0 0 0 0 0 0 0 0 0 0 0 0 0 0 0 0 0 0 0 0 0 0 0 0 0 0 0 0 0 0 0 0 0 0 0 0 0 0 0 0 0 0 0 0 0 0 0 0 0 0 0 0 0 0 0 0 0 0 0 0 0 0 0 0 0 0 0 0 0 0 0 0 0 0 0 0 0 0 0 0 0 0 0 0 0 0 0 0 0 0 0 0 0 0 0 0 0 0 0 0 0 0 0 0 0 0 0 0 0 0 0 0
0 0 0 0 0 0 0 0 0 0 0 0 0 0 0 0.57143 0.57143 0.57143 0.57143 0.57143 0.57143 0.57143 0.57143 0.57143 0.57143 1.2381 1.2381 1.2381 1.2381 1.2381 1.2381 1.2381 1.2381 1.2381 1.2381 1.2381 1.2381 1.2381 1.2381 1.2381 1.2381 1.2381 1.2381 1.2381 1.2381 0 0 0 0 0 0 0 0 0 0 0 0 0 0 0 0 0 0 0 0 0 0 0 0 0 0 0 0 0 0 0 0 0 0 0 0 0 0 0 0 0 0 0 0 0 0 0 0 0 0 0 0 0 0 0 0 0 0 0 0 0 0 0 0 0 0 0 0 0 0 0 0 0 0 0 0 0 0 0 0 0 0 0 0 0 0 0 0 0 0 0 0 0 0 0 0 0 0 0 0 0 0 0 0 0 0 0 0 0 0 0 0 0 0 0 0 0 0 0 0 0 0 0 0 0 0 0 0 0 0 0 0 0 0 0 0 0 0 0 0
0 0 0 0 0 0 0 0 0 0 0 0 0 0 0 0.57143 0.57143 0.57143 0.57143 0.57143 0.57143 0.57143 0.57143 0.57143 0.57143 1.2381 1.2381 1.2381 1.2381 1.2381 1.2381 1.2381 1.2381 1.2381 1.2381 1.2381 1.2381 1.2381 1.2381 1.2381 1.2381 1.2381 1.2381 1.2381 1.2381 0 0 0 0 0 0 0 0 0 0 0 0 0 0 0 0 0 0 0 0 0 0 0 0 0 0 0 0 0 0 0 0 0 0 0 0 0 0 0 0 0 0 0 0 0 0 0 0 0 0 0 0 0 0 0 0 0 0 0 0 0 0 0 0 0 0 0 0 0 0 0 0 0 0 0 0 0 0 0 0 0 0 0 0 0 0 0 0 0 0 0 0 0 0 0 0 0 0 0 0 0 0 0 0 0 0 0 0 0 0 0 0 0 0 0 0 0 0 0 0 0 0 0 0 0 0 0 0 0 0 0 0 0 0 0 0 0 0 0 0
0 0 0 0 0 0 0 0 0 0 0 0 0 0 0 0.57143 0.57143 0.57143 0.57143 0.57143 0.57143 0.57143 0.57143 0.57143 0.57143 1.2381 1.2381 1.2381 1.2381 1.2381 1.2381 1.2381 1.2381 1.2381 1.2381 1.2381 1.2381 1.2381 1.2381 1.2381 1.2381 1.2381 1.2381 1.2381 1.2381 0 0 0 0 0 0 0 0 0 0 0 0 0 0 0 0 0 0 0 0 0 0 0 0 0 0 0 0 0 0 0 0 0 0 0 0 0 0 0 0 0 0 0 0 0 0 0 0 0 0 0 0 0 0 0 0 0 0 0 0 0 0 0 0 0 0 0 0 0 0 0 0 0 0 0 0 0 0 0 0 0 0 0 0 0 0 0 0 0 0 0 0 0 0 0 0 0 0 0 0 0 0 0 0 0 0 0 0 0 0 0 0 0 0 0 0 0 0 0 0 0 0 0 0 0 0 0 0 0 0 0 0 0 0 0 0 0 0 0 0
0 0 0 0 0 0 0 0 0 0 0 0 0 0 0 0.57143 0.57143 0.57143 0.57143 0.57143 0.57143 0.57143 0.57143 0.57143 0.57143 1.2381 1.2381 1.2381 1.2381 1.2381 1.2381 1.2381 1.2381 1.2381 1.2381 1.2381 1.2381 1.2381 1.2381 1.2381 1.2381 1.2381 1.2381 1.2381 1.2381 0 0 0 0 0 0 0 0 0 0 0 0 0 0 0 0 0 0 0 0 0 0 0 0 0 0 0 0 0 0 0 0 0 0 0 0 0 0 0 0 0 0 0 0 0 0 0 0 0 0 0 0 0 0 0 0 0 0 0 0 0 0 0 0 0 0 0 0 0 0 0 0 0 0 0 0 0 0 0 0 0 0 0 0 0 0 0 0 0 0 0 0 0 0 0 0 0 0 0 0 0 0 0 0 0 0 0 0 0 0 0 0 0 0 0 0 0 0 0 0 0 0 0 0 0 0 0 0 0 0 0 0 0 0 0 0 0 0 0 0
0 0 0 0 0 0 0 0 0 0 0 0 0 0 0 0.57143 0.57143 0.57143 0.57143 0.57143 0.57143 0.57143 0.57143 0.57143 0.57143 1.2381 1.2381 1.2381 1.2381 1.2381 1.2381 1.2381 1.2381 1.2381 1.2381 1.2381 1.2381 1.2381 1.2381 1.2381 1.2381 1.2381 1.2381 1.2381 1.2381 0 0 0 0 0 0 0 0 0 0 0 0 0 0 0 0 0 0 0 0 0 0 0 0 0 0 0 0 0 0 0 0 0 0 0 0 0 0 0 0 0 0 0 0 0 0 0 0 0 0 0 0 0 0 0 0 0 0 0 0 0 0 0 0 0 0 0 0 0 0 0 0 0 0 0 0 0 0 0 0 0 0 0 0 0 0 0 0 0 0 0 0 0 0 0 0 0 0 0 0 0 0 0 0 0 0 0 0 0 0 0 0 0 0 0 0 0 0 0 0 0 0 0 0 0 0 0 0 0 0 0 0 0 0 0 0 0 0 0 0
0 0 0 0 0 0 0 0 0 0 0 0 0 0 0 0.57143 0.57143 0.57143 0.57143 0.57143 0.57143 0.57143 0.57143 0.57143 0.57143 1.2381 1.2381 1.2381 1.2381 1.2381 1.2381 1.2381 1.2381 1.2381 1.2381 1.2381 1.2381 1.2381 1.2381 1.2381 1.2381 1.2381 1.2381 1.2381 1.2381 0 0 0 0 0 0 0 0 0 0 0 0 0 0 0 0 0 0 0 0 0 0 0 0 0 0 0 0 0 0 0 0 0 0 0 0 0 0 0 0 0 0 0 0 0 0 0 0 0 0 0 0 0 0 0 0 0 0 0 0 0 0 0 0 0 0 0 0 0 0 0 0 0 0 0 0 0 0 0 0 0 0 0 0 0 0 0 0 0 0 0 0 0 0 0 0 0 0 0 0 0 0 0 0 0 0 0 0 0 0 0 0 0 0 0 0 0 0 0 0 0 0 0 0 0 0 0 0 0 0 0 0 0 0 0 0 0 0 0 0
0 0 0 0 0 0 0 0 0 0 0 0 0 0 0 0.57143 0.57143 0.57143 0.57143 0.57143 0.57143 0.57143 0.57143 0.57143 0.57143 1.2381 1.2381 1.2381 1.2381 1.2381 1.2381 1.2381 1.2381 1.2381 1.2381 1.2381 1.2381 1.2381 1.2381 1.2381 1.2381 1.2381 1.2381 1.2381 1.2381 0 0 0 0 0 0 0 0 0 0 0 0 0 0 0 0 0 0 0 0 0 0 0 0 0 0 0 0 0 0 0 0 0 0 0 0 0 0 0 0 0 0 0 0 0 0 0 0 0 0 0 0 0 0 0 0 0 0 0 0 0 0 0 0 0 0 0 0 0 0 0 0 0 0 0 0 0 0 0 0 0 0 0 0 0 0 0 0 0 0 0 0 0 0 0 0 0 0 0 0 0 0 0 0 0 0 0 0 0 0 0 0 0 0 0 0 0 0 0 0 0 0 0 0 0 0 0 0 0 0 0 0 0 0 0 0 0 0 0 0
0 0 0 0 0 0 0 0 0 0 0 0 0 0 0 0.57143 0.57143 0.57143 0.57143 0.57143 0.57143 0.57143 0.57143 0.57143 0.57143 1.2381 1.2381 1.2381 1.2381 1.2381 1.2381 1.2381 1.2381 1.2381 1.2381 1.2381 1.2381 1.2381 1.2381 1.2381 1.2381 1.2381 1.2381 1.2381 1.2381 0 0 0 0 0 0 0 0 0 0 0 0 0 0 0 0 0 0 0 0 0 0 0 0 0 0 0 0 0 0 0 0 0 0 0 0 0 0 0 0 0 0 0 0 0 0 0 0 0 0 0 0 0 0 0 0 0 0 0 0 0 0 0 0 0 0 0 0 0 0 0 0 0 0 0 0 0 0 0 0 0 0 0 0 0 0 0 0 0 0 0 0 0 0 0 0 0 0 0 0 0 0 0 0 0 0 0 0 0 0 0 0 0 0 0 0 0 0 0 0 0 0 0 0 0 0 0 0 0 0 0 0 0 0 0 0 0 0 0 0
0 0 0 0 0 0 0 0 0 0 0 0 0 0 0 0.57143 0.57143 0.57143 0.57143 0.57143 0.57143 0.57143 0.57143 0.57143 0.57143 1.2381 1.2381 1.2381 1.2381 1.2381 1.2381 1.2381 1.2381 1.2381 1.2381 1.2381 1.2381 1.2381 1.2381 1.2381 1.2381 1.2381 1.2381 1.2381 1.2381 0 0 0 0 0 0 0 0 0 0 0 0 0 0 0 0 0 0 0 0 0 0 0 0 0 0 0 0 0 0 0 0 0 0 0 0 0 0 0 0 0 0 0 0 0 0 0 0 0 0 0 0 0 0 0 0 0 0 0 0 0 0 0 0 0 0 0 0 0 0 0 0 0 0 0 0 0 0 0 0 0 0 0 0 0 0 0 0 0 0 0 0 0 0 0 0 0 0 0 0 0 0 0 0 0 0 0 0 0 0 0 0 0 0 0 0 0 0 0 0 0 0 0 0 0 0 0 0 0 0 0 0 0 0 0 0 0 0 0 0
0 0 0 0 0 0 0 0 0 0 0 0 0 0 0 0.57143 0.57143 0.57143 0.57143 0.57143 0.57143 0.57143 0.57143 0.57143 0.57143 1.2381 1.2381 1.2381 1.2381 1.2381 1.2381 1.2381 1.2381 1.2381 1.2381 1.2381 1.2381 1.2381 1.2381 1.2381 1.2381 1.2381 1.2381 1.2381 1.2381 0 0 0 0 0 0 0 0 0 0 0 0 0 0 0 0 0 0 0 0 0 0 0 0 0 0 0 0 0 0 0 0 0 0 0 0 0 0 0 0 0 0 0 0 0 0 0 0 0 0 0 0 0 0 0 0 0 0 0 0 0 0 0 0 0 0 0 0 0 0 0 0 0 0 0 0 0 0 0 0 0 0 0 0 0 0 0 0 0 0 0 0 0 0 0 0 0 0 0 0 0 0 0 0 0 0 0 0 0 0 0 0 0 0 0 0 0 0 0 0 0 0 0 0 0 0 0 0 0 0 0 0 0 0 0 0 0 0 0 0
0 0 0 0 0 0 0 0 0 0 0 0 0 0 0 0.57143 0.57143 0.57143 0.57143 0.57143 0.57143 0.57143 0.57143 0.57143 0.57143 1.2381 1.2381 1.2381 1.2381 1.2381 1.2381 1.2381 1.2381 1.2381 1.2381 1.2381 1.2381 1.2381 1.2381 1.2381 1.2381 1.2381 1.2381 1.2381 1.2381 0 0 0 0 0 0 0 0 0 0 0 0 0 0 0 0 0 0 0 0 0 0 0 0 0 0 0 0 0 0 0 0 0 0 0 0 0 0 0 0 0 0 0 0 0 0 0 0 0 0 0 0 0 0 0 0 0 0 0 0 0 0 0 0 0 0 0 0 0 0 0 0 0 0 0 0 0 0 0 0 0 0 0 0 0 0 0 0 0 0 0 0 0 0 0 0 0 0 0 0 0 0 0 0 0 0 0 0 0 0 0 0 0 0 0 0 0 0 0 0 0 0 0 0 0 0 0 0 0 0 0 0 0 0 0 0 0 0 0 0
0 0 0 0 0 0 0 0 0 0 0 0 0 0 0 0.57143 0.57143 0.57143 0.57143 0.57143 0.57143 0.57143 0.57143 0.57143 0.57143 1.2381 1.2381 1.2381 1.2381 1.2381 1.2381 1.2381 1.2381 1.2381 1.2381 1.2381 1.2381 1.2381 1.2381 1.2381 1.2381 1.2381 1.2381 1.2381 1.2381 0 0 0 0 0 0 0 0 0 0 0 0 0 0 0 0 0 0 0 0 0 0 0 0 0 0 0 0 0 0 0 0 0 0 0 0 0 0 0 0 0 0 0 0 0 0 0 0 0 0 0 0 0 0 0 0 0 0 0 0 0 0 0 0 0 0 0 0 0 0 0 0 0 0 0 0 0 0 0 0 0 0 0 0 0 0 0 0 0 0 0 0 0 0 0 0 0 0 0 0 0 0 0 0 0 0 0 0 0 0 0 0 0 0 0 0 0 0 0 0 0 0 0 0 0 0 0 0 0 0 0 0 0 0 0 0 0 0 0 0
0 0 0 0 0 0 0 0 0 0 0 0 0 0 0 0.57143 0.57143 0.57143 0.57143 0.57143 0.57143 0.57143 0.57143 0.57143 0.57143 1.2381 1.2381 1.2381 1.2381 1.2381 1.2381 1.2381 1.2381 1.2381 1.2381 1.2381 1.2381 1.2381 1.2381 1.2381 1.2381 1.2381 1.2381 1.2381 1.2381 0 0 0 0 0 0 0 0 0 0 0 0 0 0 0 0 0 0 0 0 0 0 0 0 0 0 0 0 0 0 0 0 0 0 0 0 0 0 0 0 0 0 0 0 0 0 0 0 0 0 0 0 0 0 0 0 0 0 0 0 0 0 0 0 0 0 0 0 0 0 0 0 0 0 0 0 0 0 0 0 0 0 0 0 0 0 0 0 0 0 0 0 0 0 0 0 0 0 0 0 0 0 0 0 0 0 0 0 0 0 0 0 0 0 0 0 0 0 0 0 0 0 0 0 0 0 0 0 0 0 0 0 0 0 0 0 0 0 0 0
0 0 0 0 0 0 0 0 0 0 0 0 0 0 0 0.57143 0.57143 0.57143 0.57143 0.57143 0.57143 0.57143 0.57143 0.57143 0.57143 1.2381 1.2381 1.2381 1.2381 1.2381 1.2381 1.2381 1.2381 1.2381 1.2381 1.2381 1.2381 1.2381 1.2381 1.2381 1.2381 1.2381 1.2381 1.2381 1.2381 0 0 0 0 0 0 0 0 0 0 0 0 0 0 0 0 0 0 0 0 0 0 0 0 0 0 0 0 0 0 0 0 0 0 0 0 0 0 0 0 0 0 0 0 0 0 0 0 0 0 0 0 0 0 0 0 0 0 0 0 0 0 0 0 0 0 0 0 0 0 0 0 0 0 0 0 0 0 0 0 0 0 0 0 0 0 0 0 0 0 0 0 0 0 0 0 0 0 0 0 0 0 0 0 0 0 0 0 0 0 0 0 0 0 0 0 0 0 0 0 0 0 0 0 0 0 0 0 0 0 0 0 0 0 0 0 0 0 0 0
0 0 0 0 0 0 0 0 0 0 0 0 0 0 0 0.57143 0.57143 0.57143 0.57143 0.57143 0.57143 0.57143 0.57143 0.57143 0.57143 1.2381 1.2381 1.2381 1.2381 1.2381 1.2381 1.2381 1.2381 1.2381 1.2381 1.2381 1.2381 1.2381 1.2381 1.2381 1.2381 1.2381 1.2381 1.2381 1.2381 0 0 0 0 0 0 0 0 0 0 0 0 0 0 0 0 0 0 0 0 0 0 0 0 0 0 0 0 0 0 0 0 0 0 0 0 0 0 0 0 0 0 0 0 0 0 0 0 0 0 0 0 0 0 0 0 0 0 0 0 0 0 0 0 0 0 0 0 0 0 0 0 0 0 0 0 0 0 0 0 0 0 0 0 0 0 0 0 0 0 0 0 0 0 0 0 0 0 0 0 0 0 0 0 0 0 0 0 0 0 0 0 0 0 0 0 0 0 0 0 0 0 0 0 0 0 0 0 0 0 0 0 0 0 0 0 0 0 0 0
0 0 0 0 0 0 0 0 0 0 0 0 0 0 0 0.57143 0.57143 0.57143 0.57143 0.57143 0.57143 0.57143 0.57143 0.57143 0.57143 1.2381 1.2381 1.2381 1.2381 1.2381 1.2381 1.2381 1.2381 1.2381 1.2381 1.2381 1.2381 1.2381 1.2381 1.2381 1.2381 1.2381 1.2381 1.2381 1.2381 0 0 0 0 0 0 0 0 0 0 0 0 0 0 0 0 0 0 0 0 0 0 0 0 0 0 0 0 0 0 0 0 0 0 0 0 0 0 0 0 0 0 0 0 0 0 0 0 0 0 0 0 0 0 0 0 0 0 0 0 0 0 0 0 0 0 0 0 0 0 0 0 0 0 0 0 0 0 0 0 0 0 0 0 0 0 0 0 0 0 0 0 0 0 0 0 0 0 0 0 0 0 0 0 0 0 0 0 0 0 0 0 0 0 0 0 0 0 0 0 0 0 0 0 0 0 0 0 0 0 0 0 0 0 0 0 0 0 0 0
0 0 0 0 0 0 0 0 0 0 0 0 0 0 0 0.57143 0.57143 0.57143 0.57143 0.57143 0.57143 0.57143 0.57143 0.57143 0.57143 1.2381 1.2381 1.2381 1.2381 1.2381 1.2381 1.2381 1.2381 1.2381 1.2381 1.2381 1.2381 1.2381 1.2381 1.2381 1.2381 1.2381 1.2381 1.2381 1.2381 0 0 0 0 0 0 0 0 0 0 0 0 0 0 0 0 0 0 0 0 0 0 0 0 0 0 0 0 0 0 0 0 0 0 0 0 0 0 0 0 0 0 0 0 0 0 0 0 0 0 0 0 0 0 0 0 0 0 0 0 0 0 0 0 0 0 0 0 0 0 0 0 0 0 0 0 0 0 0 0 0 0 0 0 0 0 0 0 0 0 0 0 0 0 0 0 0 0 0 0 0 0 0 0 0 0 0 0 0 0 0 0 0 0 0 0 0 0 0 0 0 0 0 0 0 0 0 0 0 0 0 0 0 0 0 0 0 0 0 0
0 0 0 0 0 0 0 0 0 0 0 0 0 0 0 0.57143 0.57143 0.57143 0.57143 0.57143 0.57143 0.57143 0.57143 0.57143 0.57143 1.2381 1.2381 1.2381 1.2381 1.2381 1.2381 1.2381 1.2381 1.2381 1.2381 1.2381 1.2381 1.2381 1.2381 1.2381 1.2381 1.2381 1.2381 1.2381 1.2381 0 0 0 0 0 0 0 0 0 0 0 0 0 0 0 0 0 0 0 0 0 0 0 0 0 0 0 0 0 0 0 0 0 0 0 0 0 0 0 0 0 0 0 0 0 0 0 0 0 0 0 0 0 0 0 0 0 0 0 0 0 0 0 0 0 0 0 0 0 0 0 0 0 0 0 0 0 0 0 0 0 0 0 0 0 0 0 0 0 0 0 0 0 0 0 0 0 0 0 0 0 0 0 0 0 0 0 0 0 0 0 0 0 0 0 0 0 0 0 0 0 0 0 0 0 0 0 0 0 0 0 0 0 0 0 0 0 0 0 0
0 0 0 0 0 0 0 0 0 0 0 0 0 0 0 0.57143 0.57143 0.57143 0.57143 0.57143 0.57143 0.57143 0.57143 0.57143 0.57143 1.2381 1.2381 1.2381 1.2381 1.2381 1.2381 1.2381 1.2381 1.2381 1.2381 1.2381 1.2381 1.2381 1.2381 1.2381 1.2381 1.2381 1.2381 1.2381 1.2381 0 0 0 0 0 0 0 0 0 0 0 0 0 0 0 0 0 0 0 0 0 0 0 0 0 0 0 0 0 0 0 0 0 0 0 0 0 0 0 0 0 0 0 0 0 0 0 0 0 0 0 0 0 0 0 0 0 0 0 0 0 0 0 0 0 0 0 0 0 0 0 0 0 0 0 0 0 0 0 0 0 0 0 0 0 0 0 0 0 0 0 0 0 0 0 0 0 0 0 0 0 0 0 0 0 0 0 0 0 0 0 0 0 0 0 0 0 0 0 0 0 0 0 0 0 0 0 0 0 0 0 0 0 0 0 0 0 0 0 0
0 0 0 0 0 0 0 0 0 0 0 0 0 0 0 0.57143 0.57143 0.57143 0.57143 0.57143 0.57143 0.57143 0.57143 0.57143 0.57143 1.2381 1.2381 1.2381 1.2381 1.2381 1.2381 1.2381 1.2381 1.2381 1.2381 1.2381 1.2381 1.2381 1.2381 1.2381 1.2381 1.2381 1.2381 1.2381 1.2381 0 0 0 0 0 0 0 0 0 0 0 0 0 0 0 0 0 0 0 0 0 0 0 0 0 0 0 0 0 0 0 0 0 0 0 0 0 0 0 0 0 0 0 0 0 0 0 0 0 0 0 0 0 0 0 0 0 0 0 0 0 0 0 0 0 0 0 0 0 0 0 0 0 0 0 0 0 0 0 0 0 0 0 0 0 0 0 0 0 0 0 0 0 0 0 0 0 0 0 0 0 0 0 0 0 0 0 0 0 0 0 0 0 0 0 0 0 0 0 0 0 0 0 0 0 0 0 0 0 0 0 0 0 0 0 0 0 0 0 0
0 0 0 0 0 0 0 0 0 0 0 0 0 0 0 0.57143 0.57143 0.57143 0.57143 0.57143 0.57143 0.57143 0.57143 0.57143 0.57143 1.2381 1.2381 1.2381 1.2381 1.2381 1.2381 1.2381 1.2381 1.2381 1.2381 1.2381 1.2381 1.2381 1.2381 1.2381 1.2381 1.2381 1.2381 1.2381 1.2381 0 0 0 0 0 0 0 0 0 0 0 0 0 0 0 0 0 0 0 0 0 0 0 0 0 0 0 0 0 0 0 0 0 0 0 0 0 0 0 0 0 0 0 0 0 0 0 0 0 0 0 0 0 0 0 0 0 0 0 0 0 0 0 0 0 0 0 0 0 0 0 0 0 0 0 0 0 0 0 0 0 0 0 0 0 0 0 0 0 0 0 0 0 0 0 0 0 0 0 0 0 0 0 0 0 0 0 0 0 0 0 0 0 0 0 0 0 0 0 0 0 0 0 0 0 0 0 0 0 0 0 0 0 0 0 0 0 0 0 0
0 0 0 0 0 0 0 0 0 0 0 0 0 0 0 0.57143 0.57143 0.57143 0.57143 0.57143 0.57143 0.57143 0.57143 0.57143 0.57143 1.2381 1.2381 1.2381 1.2381 1.2381 1.2381 1.2381 1.2381 1.2381 1.2381 1.2381 1.2381 1.2381 1.2381 1.2381 1.2381 1.2381 1.2381 1.2381 1.2381 0 0 0 0 0 0 0 0 0 0 0 0 0 0 0 0 0 0 0 0 0 0 0 0 0 0 0 0 0 0 0 0 0 0 0 0 0 0 0 0 0 0 0 0 0 0 0 0 0 0 0 0 0 0 0 0 0 0 0 0 0 0 0 0 0 0 0 0 0 0 0 0 0 0 0 0 0 0 0 0 0 0 0 0 0 0 0 0 0 0 0 0 0 0 0 0 0 0 0 0 0 0 0 0 0 0 0 0 0 0 0 0 0 0 0 0 0 0 0 0 0 0 0 0 0 0 0 0 0 0 0 0 0 0 0 0 0 0 0 0
0 0 0 0 0 0 0 0 0 0 0 0 0 0 0 0.57143 0.57143 0.57143 0.57143 0.57143 0.57143 0.57143 0.57143 0.57143 0.57143 1.2381 1.2381 1.2381 1.2381 1.2381 1.2381 1.2381 1.2381 1.2381 1.2381 1.2381 1.2381 1.2381 1.2381 1.2381 1.2381 1.2381 1.2381 1.2381 1.2381 0 0 0 0 0 0 0 0 0 0 0 0 0 0 0 0 0 0 0 0 0 0 0 0 0 0 0 0 0 0 0 0 0 0 0 0 0 0 0 0 0 0 0 0 0 0 0 0 0 0 0 0 0 0 0 0 0 0 0 0 0 0 0 0 0 0 0 0 0 0 0 0 0 0 0 0 0 0 0 0 0 0 0 0 0 0 0 0 0 0 0 0 0 0 0 0 0 0 0 0 0 0 0 0 0 0 0 0 0 0 0 0 0 0 0 0 0 0 0 0 0 0 0 0 0 0 0 0 0 0 0 0 0 0 0 0 0 0 0 0
0 0 0 0 0 0 0 0 0 0 0 0 0 0 0 0.57143 0.57143 0.57143 0.57143 0.57143 0.57143 0.57143 0.57143 0.57143 0.57143 1.2381 1.2381 1.2381 1.2381 1.2381 1.2381 1.2381 1.2381 1.2381 1.2381 1.2381 1.2381 1.2381 1.2381 1.2381 1.2381 1.2381 1.2381 1.2381 1.2381 0 0 0 0 0 0 0 0 0 0 0 0 0 0 0 0 0 0 0 0 0 0 0 0 0 0 0 0 0 0 0 0 0 0 0 0 0 0 0 0 0 0 0 0 0 0 0 0 0 0 0 0 0 0 0 0 0 0 0 0 0 0 0 0 0 0 0 0 0 0 0 0 0 0 0 0 0 0 0 0 0 0 0 0 0 0 0 0 0 0 0 0 0 0 0 0 0 0 0 0 0 0 0 0 0 0 0 0 0 0 0 0 0 0 0 0 0 0 0 0 0 0 0 0 0 0 0 0 0 0 0 0 0 0 0 0 0 0 0 0
0 0 0 0 0 0 0 0 0 0 0 0 0 0 0 0.57143 0.57143 0.57143 0.57143 0.57143 0.57143 0.57143 0.57143 0.57143 0.57143 1.2381 1.2381 1.2381 1.2381 1.2381 1.2381 1.2381 1.2381 1.2381 1.2381 1.2381 1.2381 1.2381 1.2381 1.2381 1.2381 1.2381 1.2381 1.2381 1.2381 0 0 0 0 0 0 0 0 0 0 0 0 0 0 0 0 0 0 0 0 0 0 0 0 0 0 0 0 0 0 0 0 0 0 0 0 0 0 0 0 0 0 0 0 0 0 0 0 0 0 0 0 0 0 0 0 0 0 0 0 0 0 0 0 0 0 0 0 0 0 0 0 0 0 0 0 0 0 0 0 0 0 0 0 0 0 0 0 0 0 0 0 0 0 0 0 0 0 0 0 0 0 0 0 0 0 0 0 0 0 0 0 0 0 0 0 0 0 0 0 0 0 0 0 0 0 0 0 0 0 0 0 0 0 0 0 0 0 0 0
0 0 0 0 0 0 0 0 0 0 0 0 0 0 0 0.57143 0.57143 0.57143 0.57143 0.57143 0.57143 0.57143 0.57143 0.57143 0.57143 1.2381 1.2381 1.2381 1.2381 1.2381 1.2381 1.2381 1.2381 1.2381 1.2381 1.2381 1.2381 1.2381 1.2381 1.2381 1.2381 1.2381 1.2381 1.2381 1.2381 0 0 0 0 0 0 0 0 0 0 0 0 0 0 0 0 0 0 0 0 0 0 0 0 0 0 0 0 0 0 0 0 0 0 0 0 0 0 0 0 0 0 0 0 0 0 0 0 0 0 0 0 0 0 0 0 0 0 0 0 0 0 0 0 0 0 0 0 0 0 0 0 0 0 0 0 0 0 0 0 0 0 0 0 0 0 0 0 0 0 0 0 0 0 0 0 0 0 0 0 0 0 0 0 0 0 0 0 0 0 0 0 0 0 0 0 0 0 0 0 0 0 0 0 0 0 0 0 0 0 0 0 0 0 0 0 0 0 0 0
0 0 0 0 0 0 0 0 0 0 0 0 0 0 0 0.57143 0.57143 0.57143 0.57143 0.57143 0.57143 0.57143 0.57143 0.57143 0.57143 1.2381 1.2381 1.2381 1.2381 1.2381 1.2381 1.2381 1.2381 1.2381 1.2381 1.2381 1.2381 1.2381 1.2381 1.2381 1.2381 1.2381 1.2381 1.2381 1.2381 0 0 0 0 0 0 0 0 0 0 0 0 0 0 0 0 0 0 0 0 0 0 0 0 0 0 0 0 0 0 0 0 0 0 0 0 0 0 0 0 0 0 0 0 0 0 0 0 0 0 0 0 0 0 0 0 0 0 0 0 0 0 0 0 0 0 0 0 0 0 0 0 0 0 0 0 0 0 0 0 0 0 0 0 0 0 0 0 0 0 0 0 0 0 0 0 0 0 0 0 0 0 0 0 0 0 0 0 0 0 0 0 0 0 0 0 0 0 0 0 0 0 0 0 0 0 0 0 0 0 0 0 0 0 0 0 0 0 0 0
0 0 0 0 0 0 0 0 0 0 0 0 0 0 0 0.57143 0.57143 0.57143 0.57143 0.57143 0.57143 0.57143 0.57143 0.57143 0.57143 1.2381 1.2381 1.2381 1.2381 1.2381 1.2381 1.2381 1.2381 1.2381 1.2381 1.2381 1.2381 1.2381 1.2381 1.2381 1.2381 1.2381 1.2381 1.2381 1.2381 0 0 0 0 0 0 0 0 0 0 0 0 0 0 0 0 0 0 0 0 0 0 0 0 0 0 0 0 0 0 0 0 0 0 0 0 0 0 0 0 0 0 0 0 0 0 0 0 0 0 0 0 0 0 0 0 0 0 0 0 0 0 0 0 0 0 0 0 0 0 0 0 0 0 0 0 0 0 0 0 0 0 0 0 0 0 0 0 0 0 0 0 0 0 0 0 0 0 0 0 0 0 0 0 0 0 0 0 0 0 0 0 0 0 0 0 0 0 0 0 0 0 0 0 0 0 0 0 0 0 0 0 0 0 0 0 0 0 0 0
0 0 0 0 0 0 0 0 0 0 0 0 0 0 0 0.57143 0.57143 0.57143 0.57143 0.57143 0.57143 0.57143 0.57143 0.57143 0.57143 1.2381 1.2381 1.2381 1.2381 1.2381 1.2381 1.2381 1.2381 1.2381 1.2381 1.2381 1.2381 1.2381 1.2381 1.2381 1.2381 1.2381 1.2381 1.2381 1.2381 0 0 0 0 0 0 0 0 0 0 0 0 0 0 0 0 0 0 0 0 0 0 0 0 0 0 0 0 0 0 0 0 0 0 0 0 0 0 0 0 0 0 0 0 0 0 0 0 0 0 0 0 0 0 0 0 0 0 0 0 0 0 0 0 0 0 0 0 0 0 0 0 0 0 0 0 0 0 0 0 0 0 0 0 0 0 0 0 0 0 0 0 0 0 0 0 0 0 0 0 0 0 0 0 0 0 0 0 0 0 0 0 0 0 0 0 0 0 0 0 0 0 0 0 0 0 0 0 0 0 0 0 0 0 0 0 0 0 0 0
0 0 0 0 0 0 0 0 0 0 0 0 0 0 0 0.57143 0.57143 0.57143 0.57143 0.57143 0.57143 0.57143 0.57143 0.57143 0.57143 1.2381 1.2381 1.2381 1.2381 1.2381 1.2381 1.2381 1.2381 1.2381 1.2381 1.2381 1.2381 1.2381 1.2381 1.2381 1.2381 1.2381 1.2381 1.2381 1.2381 0 0 0 0 0 0 0 0 0 0 0 0 0 0 0 0 0 0 0 0 0 0 0 0 0 0 0 0 0 0 0 0 0 0 0 0 0 0 0 0 0 0 0 0 0 0 0 0 0 0 0 0 0 0 0 0 0 0 0 0 0 0 0 0 0 0 0 0 0 0 0 0 0 0 0 0 0 0 0 0 0 0 0 0 0 0 0 0 0 0 0 0 0 0 0 0 0 0 0 0 0 0 0 0 0 0 0 0 0 0 0 0 0 0 0 0 0 0 0 0 0 0 0 0 0 0 0 0 0 0 0 0 0 0 0 0 0 0 0 0
0 0 0 0 0 0 0 0 0 0 0 0 0 0 0 0.57143 0.57143 0.57143 0.57143 0.57143 0.57143 0.57143 0.57143 0.57143 0.57143 1.2381 1.2381 1.2381 1.2381 1.2381 1.2381 1.2381 1.2381 1.2381 1.2381 1.2381 1.2381 1.2381 1.2381 1.2381 1.2381 1.2381 1.2381 1.2381 1.2381 0 0 0 0 0 0 0 0 0 0 0 0 0 0 0 0 0 0 0 0 0 0 0 0 0 0 0 0 0 0 0 0 0 0 0 0 0 0 0 0 0 0 0 0 0 0 0 0 0 0 0 0 0 0 0 0 0 0 0 0 0 0 0 0 0 0 0 0 0 0 0 0 0 0 0 0 0 0 0 0 0 0 0 0 0 0 0 0 0 0 0 0 0 0 0 0 0 0 0 0 0 0 0 0 0 0 0 0 0 0 0 0 0 0 0 0 0 0 0 0 0 0 0 0 0 0 0 0 0 0 0 0 0 0 0 0 0 0 0 0
0 0 0 0 0 0 0 0 0 0 0 0 0 0 0 0.57143 0.57143 0.57143 0.57143 0.57143 0.57143 0.57143 0.57143 0.57143 0.57143 1.2381 1.2381 1.2381 1.2381 1.2381 1.2381 1.2381 1.2381 1.2381 1.2381 1.2381 1.2381 1.2381 1.2381 1.2381 1.2381 1.2381 1.2381 1.2381 1.2381 0 0 0 0 0 0 0 0 0 0 0 0 0 0 0 0 0 0 0 0 0 0 0 0 0 0 0 0 0 0 0 0 0 0 0 0 0 0 0 0 0 0 0 0 0 0 0 0 0 0 0 0 0 0 0 0 0 0 0 0 0 0 0 0 0 0 0 0 0 0 0 0 0 0 0 0 0 0 0 0 0 0 0 0 0 0 0 0 0 0 0 0 0 0 0 0 0 0 0 0 0 0 0 0 0 0 0 0 0 0 0 0 0 0 0 0 0 0 0 0 0 0 0 0 0 0 0 0 0 0 0 0 0 0 0 0 0 0 0 0
0 0 0 0 0 0 0 0 0 0 0 0 0 0 0 0.57143 0.57143 0.57143 0.57143 0.57143 0.57143 0.57143 0.57143 0.57143 0.57143 1.2381 1.2381 1.2381 1.2381 1.2381 1.2381 1.2381 1.2381 1.2381 1.2381 1.2381 1.2381 1.2381 1.2381 1.2381 1.2381 1.2381 1.2381 1.2381 1.2381 0 0 0 0 0 0 0 0 0 0 0 0 0 0 0 0 0 0 0 0 0 0 0 0 0 0 0 0 0 0 0 0 0 0 0 0 0 0 0 0 0 0 0 0 0 0 0 0 0 0 0 0 0 0 0 0 0 0 0 0 0 0 0 0 0 0 0 0 0 0 0 0 0 0 0 0 0 0 0 0 0 0 0 0 0 0 0 0 0 0 0 0 0 0 0 0 0 0 0 0 0 0 0 0 0 0 0 0 0 0 0 0 0 0 0 0 0 0 0 0 0 0 0 0 0 0 0 0 0 0 0 0 0 0 0 0 0 0 0 0
0 0 0 0 0 0 0 0 0 0 0 0 0 0 0 0.57143 0.57143 0.57143 0.57143 0.57143 0.57143 0.57143 0.57143 0.57143 0.57143 1.2381 1.2381 1.2381 1.2381 1.2381 1.2381 1.2381 1.2381 1.2381 1.2381 1.2381 1.2381 1.2381 1.2381 1.2381 1.2381 1.2381 1.2381 1.2381 1.2381 0 0 0 0 0 0 0 0 0 0 0 0 0 0 0 0 0 0 0 0 0 0 0 0 0 0 0 0 0 0 0 0 0 0 0 0 0 0 0 0 0 0 0 0 0 0 0 0 0 0 0 0 0 0 0 0 0 0 0 0 0 0 0 0 0 0 0 0 0 0 0 0 0 0 0 0 0 0 0 0 0 0 0 0 0 0 0 0 0 0 0 0 0 0 0 0 0 0 0 0 0 0 0 0 0 0 0 0 0 0 0 0 0 0 0 0 0 0 0 0 0 0 0 0 0 0 0 0 0 0 0 0 0 0 0 0 0 0 0 0
0 0 0 0 0 0 0 0 0 0 0 0 0 0 0 0.57143 0.57143 0.57143 0.57143 0.57143 0.57143 0.57143 0.57143 0.57143 0.57143 1.2381 1.2381 1.2381 1.2381 1.2381 1.2381 1.2381 1.2381 1.2381 1.2381 1.2381 1.2381 1.2381 1.2381 1.2381 1.2381 1.2381 1.2381 1.2381 1.2381 0 0 0 0 0 0 0 0 0 0 0 0 0 0 0 0 0 0 0 0 0 0 0 0 0 0 0 0 0 0 0 0 0 0 0 0 0 0 0 0 0 0 0 0 0 0 0 0 0 0 0 0 0 0 0 0 0 0 0 0 0 0 0 0 0 0 0 0 0 0 0 0 0 0 0 0 0 0 0 0 0 0 0 0 0 0 0 0 0 0 0 0 0 0 0 0 0 0 0 0 0 0 0 0 0 0 0 0 0 0 0 0 0 0 0 0 0 0 0 0 0 0 0 0 0 0 0 0 0 0 0 0 0 0 0 0 0 0 0 0
0 0 0 0 0 0 0 0 0 0 0 0 0 0 0 0.57143 0.57143 0.57143 0.57143 0.57143 0.57143 0.57143 0.57143 0.57143 0.57143 1.2381 1.2381 1.2381 1.2381 1.2381 1.2381 1.2381 1.2381 1.2381 1.2381 1.2381 1.2381 1.2381 1.2381 1.2381 1.2381 1.2381 1.2381 1.2381 1.2381 0 0 0 0 0 0 0 0 0 0 0 0 0 0 0 0 0 0 0 0 0 0 0 0 0 0 0 0 0 0 0 0 0 0 0 0 0 0 0 0 0 0 0 0 0 0 0 0 0 0 0 0 0 0 0 0 0 0 0 0 0 0 0 0 0 0 0 0 0 0 0 0 0 0 0 0 0 0 0 0 0 0 0 0 0 0 0 0 0 0 0 0 0 0 0 0 0 0 0 0 0 0 0 0 0 0 0 0 0 0 0 0 0 0 0 0 0 0 0 0 0 0 0 0 0 0 0 0 0 0 0 0 0 0 0 0 0 0 0 0
0 0 0 0 0 0 0 0 0 0 0 0 0 0 0 0.57143 0.57143 0.57143 0.57143 0.57143 0.57143 0.57143 0.57143 0.57143 0.57143 1.2381 1.2381 1.2381 1.2381 1.2381 1.2381 1.2381 1.2381 1.2381 1.2381 1.2381 1.2381 1.2381 1.2381 1.2381 1.2381 1.2381 1.2381 1.2381 1.2381 0 0 0 0 0 0 0 0 0 0 0 0 0 0 0 0 0 0 0 0 0 0 0 0 0 0 0 0 0 0 0 0 0 0 0 0 0 0 0 0 0 0 0 0 0 0 0 0 0 0 0 0 0 0 0 0 0 0 0 0 0 0 0 0 0 0 0 0 0 0 0 0 0 0 0 0 0 0 0 0 0 0 0 0 0 0 0 0 0 0 0 0 0 0 0 0 0 0 0 0 0 0 0 0 0 0 0 0 0 0 0 0 0 0 0 0 0 0 0 0 0 0 0 0 0 0 0 0 0 0 0 0 0 0 0 0 0 0 0 0
0 0 0 0 0 0 0 0 0 0 0 0 0 0 0 0.57143 0.57143 0.57143 0.57143 0.57143 0.57143 0.57143 0.57143 0.57143 0.57143 1.2381 1.2381 1.2381 1.2381 1.2381 1.2381 1.2381 1.2381 1.2381 1.2381 1.2381 1.2381 1.2381 1.2381 1.2381 1.2381 1.2381 1.2381 1.2381 1.2381 0 0 0 0 0 0 0 0 0 0 0 0 0 0 0 0 0 0 0 0 0 0 0 0 0 0 0 0 0 0 0 0 0 0 0 0 0 0 0 0 0 0 0 0 0 0 0 0 0 0 0 0 0 0 0 0 0 0 0 0 0 0 0 0 0 0 0 0 0 0 0 0 0 0 0 0 0 0 0 0 0 0 0 0 0 0 0 0 0 0 0 0 0 0 0 0 0 0 0 0 0 0 0 0 0 0 0 0 0 0 0 0 0 0 0 0 0 0 0 0 0 0 0 0 0 0 0 0 0 0 0 0 0 0 0 0 0 0 0 0
0 0 0 0 0 0 0 0 0 0 0 0 0 0 0 0.57143 0.57143 0.57143 0.57143 0.57143 0.57143 0.57143 0.57143 0.57143 0.57143 1.2381 1.2381 1.2381 1.2381 1.2381 1.2381 1.2381 1.2381 1.2381 1.2381 1.2381 1.2381 1.2381 1.2381 1.2381 1.2381 1.2381 1.2381 1.2381 1.2381 0 0 0 0 0 0 0 0 0 0 0 0 0 0 0 0 0 0 0 0 0 0 0 0 0 0 0 0 0 0 0 0 0 0 0 0 0 0 0 0 0 0 0 0 0 0 0 0 0 0 0 0 0 0 0 0 0 0 0 0 0 0 0 0 0 0 0 0 0 0 0 0 0 0 0 0 0 0 0 0 0 0 0 0 0 0 0 0 0 0 0 0 0 0 0 0 0 0 0 0 0 0 0 0 0 0 0 0 0 0 0 0 0 0 0 0 0 0 0 0 0 0 0 0 0 0 0 0 0 0 0 0 0 0 0 0 0 0 0 0
