167 168.88 170.24 171.16 171.72 172 172.08 172.04 171.96 171.92 172 172.26 172.66 173.12 173.59 174 174.29 174.44 174.45 174.31 174 173.54 173.02 172.52 172.15 172 172.15 172.52 173.02 173.54 174 174.3 174.45 174.44 174.28 174 173.61 173.2 172.9 172.79 173 173.6 174.57 175.83 177.33 179 180.78 182.57 184.27 185.78 187 187.86 188.36 188.53 188.4 188 187.37 186.58 185.71 184.82 184 183.3 182.7 182.15 181.6 181 180.32 179.56 178.74 177.88 177 176.11 175.24 174.41 173.66 173 172.45 172.01 171.63 171.3 171 170.7 170.37 169.99 169.55 169 168.33 167.52 166.53 165.35
167 168.88 170.24 171.16 171.72 172 172.08 172.04 171.96 171.92 172 172.26 172.66 173.12 173.59 174 174.29 174.44 174.45 174.31 174 173.54 173.02 172.52 172.15 172 172.15 172.52 173.02 173.54 174 174.3 174.45 174.44 174.28 174 173.61 173.2 172.9 172.79 173 173.6 174.57 175.83 177.33 179 180.78 182.57 184.27 185.78 187 187.86 188.36 188.53 188.4 188 187.37 186.58 185.71 184.82 184 183.3 182.7 182.15 181.6 181 180.32 179.56 178.74 177.88 177 176.11 175.24 174.41 173.66 173 172.45 172.01 171.63 171.3 171 170.7 170.37 169.99 169.55 169 168.33 167.52 166.53 165.35
167 168.88 170.24 171.16 171.72 172 172.08 172.04 171.96 171.92 172 172.26 172.66 173.12 173.59 174 174.29 174.44 174.45 174.31 174 173.54 173.02 172.52 172.15 172 172.15 172.52 173.02 173.54 174 174.3 174.45 174.44 174.28 174 173.61 173.2 172.9 172.79 173 173.6 174.57 175.83 177.33 179 180.78 182.57 184.27 185.78 187 187.86 188.36 188.53 188.4 188 187.37 186.58 185.71 184.82 184 183.3 182.7 182.15 181.6 181 180.32 179.56 178.74 177.88 177 176.11 175.24 174.41 173.66 173 172.45 172.01 171.63 171.3 171 170.7 170.37 169.99 169.55 169 168.33 167.52 166.53 165.35
167 168.88 170.24 171.16 171.72 172 172.08 172.04 171.96 171.92 172 172.26 172.66 173.12 173.59 174 174.29 174.44 174.45 174.31 174 173.54 173.02 172.52 172.15 172 172.15 172.52 173.02 173.54 174 174.3 174.45 174.44 174.28 174 173.61 173.2 172.9 172.79 173 173.6 174.57 175.83 177.33 179 180.78 182.57 184.27 185.78 187 187.86 188.36 188.53 188.4 188 187.37 186.58 185.71 184.82 184 183.3 182.7 182.15 181.6 181 180.32 179.56 178.74 177.88 177 176.11 175.24 174.41 173.66 173 172.45 172.01 171.63 171.3 171 170.7 170.37 169.99 169.55 169 168.33 167.52 166.53 165.35
167 168.88 170.24 171.16 171.72 172 172.08 172.04 171.96 171.92 172 172.26 172.66 173.12 173.59 174 174.29 174.44 174.45 174.31 174 173.54 173.02 172.52 172.15 172 172.15 172.52 173.02 173.54 174 174.3 174.45 174.44 174.28 174 173.61 173.2 172.9 172.79 173 173.6 174.57 175.83 177.33 179 180.78 182.57 184.27 185.78 187 187.86 188.36 188.53 188.4 188 187.37 186.58 185.71 184.82 184 183.3 182.7 182.15 181.6 181 180.32 179.56 178.74 177.88 177 176.11 175.24 174.41 173.66 173 172.45 172.01 171.63 171.3 171 170.7 170.37 169.99 169.55 169 168.33 167.52 166.53 165.35
167 168.88 170.24 171.16 171.72 172 172.08 172.04 171.96 171.92 172 172.26 172.66 173.12 173.59 174 174.29 174.44 174.45 174.31 174 173.54 173.02 172.52 172.15 172 172.15 172.52 173.02 173.54 174 174.3 174.45 174.44 174.28 174 173.61 173.2 172.9 172.79 173 173.6 174.57 175.83 177.33 179 180.78 182.57 184.27 185.78 187 187.86 188.36 188.53 188.4 188 187.37 186.58 185.71 184.82 184 183.3 182.7 182.15 181.6 181 180.32 179.56 178.74 177.88 177 176.11 175.24 174.41 173.66 173 172.45 172.01 171.63 171.3 171 170.7 170.37 169.99 169.55 169 168.33 167.52 166.53 165.35
167 168.88 170.24 171.16 171.72 172 172.08 172.04 171.96 171.92 172 172.26 172.66 173.12 173.59 174 174.29 174.44 174.45 174.31 174 173.54 173.02 172.52 172.15 172 172.15 172.52 173.02 173.54 174 174.3 174.45 174.44 174.28 174 173.61 173.2 172.9 172.79 173 173.6 174.57 175.83 177.33 179 180.78 182.57 184.27 185.78 187 187.86 188.36 188.53 188.4 188 187.37 186.58 185.71 184.82 184 183.3 182.7 182.15 181.6 181 180.32 179.56 178.74 177.88 177 176.11 175.24 174.41 173.66 173 172.45 172.01 171.63 171.3 171 170.7 170.37 169.99 169.55 169 168.33 167.52 166.53 165.35
167 168.88 170.24 171.16 171.72 172 172.08 172.04 171.96 171.92 172 172.26 172.66 173.12 173.59 174 174.29 174.44 174.45 174.31 174 173.54 173.02 172.52 172.15 172 172.15 172.52 173.02 173.54 174 174.3 174.45 174.44 174.28 174 173.61 173.2 172.9 172.79 173 173.6 174.57 175.83 177.33 179 180.78 182.57 184.27 185.78 187 187.86 188.36 188.53 188.4 188 187.37 186.58 185.71 184.82 184 183.3 182.7 182.15 181.6 181 180.32 179.56 178.74 177.88 177 176.11 175.24 174.41 173.66 173 172.45 172.01 171.63 171.3 171 170.7 170.37 169.99 169.55 169 168.33 167.52 166.53 165.35
167 168.88 170.24 171.16 171.72 172 172.08 172.04 171.96 171.92 172 172.26 172.66 173.12 173.59 174 174.29 174.44 174.45 174.31 174 173.54 173.02 172.52 172.15 172 172.15 172.52 173.02 173.54 174 174.3 174.45 174.44 174.28 174 173.61 173.2 172.9 172.79 173 173.6 174.57 175.83 177.33 179 180.78 182.57 184.27 185.78 187 187.86 188.36 188.53 188.4 188 187.37 186.58 185.71 184.82 184 183.3 182.7 182.15 181.6 181 180.32 179.56 178.74 177.88 177 176.11 175.24 174.41 173.66 173 172.45 172.01 171.63 171.3 171 170.7 170.37 169.99 169.55 169 168.33 167.52 166.53 165.35
167 168.88 170.24 171.16 171.72 172 172.08 172.04 171.96 171.92 172 172.26 172.66 173.12 173.59 174 174.29 174.44 174.45 174.31 174 173.54 173.02 172.52 172.15 172 172.15 172.52 173.02 173.54 174 174.3 174.45 174.44 174.28 174 173.61 173.2 172.9 172.79 173 173.6 174.57 175.83 177.33 179 180.78 182.57 184.27 185.78 187 187.86 188.36 188.53 188.4 188 187.37 186.58 185.71 184.82 184 183.3 182.7 182.15 181.6 181 180.32 179.56 178.74 177.88 177 176.11 175.24 174.41 173.66 173 172.45 172.01 171.63 171.3 171 170.7 170.37 169.99 169.55 169 168.33 167.52 166.53 165.35
167 168.88 170.24 171.16 171.72 172 172.08 172.04 171.96 171.92 172 172.26 172.66 173.12 173.59 174 174.29 174.44 174.45 174.31 174 173.54 173.02 172.52 172.15 172 172.15 172.52 173.02 173.54 174 174.3 174.45 174.44 174.28 174 173.61 173.2 172.9 172.79 173 173.6 174.57 175.83 177.33 179 180.78 182.57 184.27 185.78 187 187.86 188.36 188.53 188.4 188 187.37 186.58 185.71 184.82 184 183.3 182.7 182.15 181.6 181 180.32 179.56 178.74 177.88 177 176.11 175.24 174.41 173.66 173 172.45 172.01 171.63 171.3 171 170.7 170.37 169.99 169.55 169 168.33 167.52 166.53 165.35
167 168.88 170.24 171.16 171.72 172 172.08 172.04 171.96 171.92 172 172.26 172.66 173.12 173.59 174 174.29 174.44 174.45 174.31 174 173.54 173.02 172.52 172.15 172 172.15 172.52 173.02 173.54 174 174.3 174.45 174.44 174.28 174 173.61 173.2 172.9 172.79 173 173.6 174.57 175.83 177.33 179 180.78 182.57 184.27 185.78 187 187.86 188.36 188.53 188.4 188 187.37 186.58 185.71 184.82 184 183.3 182.7 182.15 181.6 181 180.32 179.56 178.74 177.88 177 176.11 175.24 174.41 173.66 173 172.45 172.01 171.63 171.3 171 170.7 170.37 169.99 169.55 169 168.33 167.52 166.53 165.35
167 168.88 170.24 171.16 171.72 172 172.08 172.04 171.96 171.92 172 172.26 172.66 173.12 173.59 174 174.29 174.44 174.45 174.31 174 173.54 173.02 172.52 172.15 172 172.15 172.52 173.02 173.54 174 174.3 174.45 174.44 174.28 174 173.61 173.2 172.9 172.79 173 173.6 174.57 175.83 177.33 179 180.78 182.57 184.27 185.78 187 187.86 188.36 188.53 188.4 188 187.37 186.58 185.71 184.82 184 183.3 182.7 182.15 181.6 181 180.32 179.56 178.74 177.88 177 176.11 175.24 174.41 173.66 173 172.45 172.01 171.63 171.3 171 170.7 170.37 169.99 169.55 169 168.33 167.52 166.53 165.35
167 168.88 170.24 171.16 171.72 172 172.08 172.04 171.96 171.92 172 172.26 172.66 173.12 173.59 174 174.29 174.44 174.45 174.31 174 173.54 173.02 172.52 172.15 172 172.15 172.52 173.02 173.54 174 174.3 174.45 174.44 174.28 174 173.61 173.2 172.9 172.79 173 173.6 174.57 175.83 177.33 179 180.78 182.57 184.27 185.78 187 187.86 188.36 188.53 188.4 188 187.37 186.58 185.71 184.82 184 183.3 182.7 182.15 181.6 181 180.32 179.56 178.74 177.88 177 176.11 175.24 174.41 173.66 173 172.45 172.01 171.63 171.3 171 170.7 170.37 169.99 169.55 169 168.33 167.52 166.53 165.35
167 168.88 170.24 171.16 171.72 172 172.08 172.04 171.96 171.92 172 172.26 172.66 173.12 173.59 174 174.29 174.44 174.45 174.31 174 173.54 173.02 172.52 172.15 172 172.15 172.52 173.02 173.54 174 174.3 174.45 174.44 174.28 174 173.61 173.2 172.9 172.79 173 173.6 174.57 175.83 177.33 179 180.78 182.57 184.27 185.78 187 187.86 188.36 188.53 188.4 188 187.37 186.58 185.71 184.82 184 183.3 182.7 182.15 181.6 181 180.32 179.56 178.74 177.88 177 176.11 175.24 174.41 173.66 173 172.45 172.01 171.63 171.3 171 170.7 170.37 169.99 169.55 169 168.33 167.52 166.53 165.35
167 168.88 170.24 171.16 171.72 172 172.08 172.04 171.96 171.92 172 172.26 172.66 173.12 173.59 174 174.29 174.44 174.45 174.31 174 173.54 173.02 172.52 172.15 172 172.15 172.52 173.02 173.54 174 174.3 174.45 174.44 174.28 174 173.61 173.2 172.9 172.79 173 173.6 174.57 175.83 177.33 179 180.78 182.57 184.27 185.78 187 187.86 188.36 188.53 188.4 188 187.37 186.58 185.71 184.82 184 183.3 182.7 182.15 181.6 181 180.32 179.56 178.74 177.88 177 176.11 175.24 174.41 173.66 173 172.45 172.01 171.63 171.3 171 170.7 170.37 169.99 169.55 169 168.33 167.52 166.53 165.35
167 168.88 170.24 171.16 171.72 172 172.08 172.04 171.96 171.92 172 172.26 172.66 173.12 173.59 174 174.29 174.44 174.45 174.31 174 173.54 173.02 172.52 172.15 172 172.15 172.52 173.02 173.54 174 174.3 174.45 174.44 174.28 174 173.61 173.2 172.9 172.79 173 173.6 174.57 175.83 177.33 179 180.78 182.57 184.27 185.78 187 187.86 188.36 188.53 188.4 188 187.37 186.58 185.71 184.82 184 183.3 182.7 182.15 181.6 181 180.32 179.56 178.74 177.88 177 176.11 175.24 174.41 173.66 173 172.45 172.01 171.63 171.3 171 170.7 170.37 169.99 169.55 169 168.33 167.52 166.53 165.35
167 168.88 170.24 171.16 171.72 172 172.08 172.04 171.96 171.92 172 172.26 172.66 173.12 173.59 174 174.29 174.44 174.45 174.31 174 173.54 173.02 172.52 172.15 172 172.15 172.52 173.02 173.54 174 174.3 174.45 174.44 174.28 174 173.61 173.2 172.9 172.79 173 173.6 174.57 175.83 177.33 179 180.78 182.57 184.27 185.78 187 187.86 188.36 188.53 188.4 188 187.37 186.58 185.71 184.82 184 183.3 182.7 182.15 181.6 181 180.32 179.56 178.74 177.88 177 176.11 175.24 174.41 173.66 173 172.45 172.01 171.63 171.3 171 170.7 170.37 169.99 169.55 169 168.33 167.52 166.53 165.35
167 168.88 170.24 171.16 171.72 172 172.08 172.04 171.96 171.92 172 172.26 172.66 173.12 173.59 174 174.29 174.44 174.45 174.31 174 173.54 173.02 172.52 172.15 172 172.15 172.52 173.02 173.54 174 174.3 174.45 174.44 174.28 174 173.61 173.2 172.9 172.79 173 173.6 174.57 175.83 177.33 179 180.78 182.57 184.27 185.78 187 187.86 188.36 188.53 188.4 188 187.37 186.58 185.71 184.82 184 183.3 182.7 182.15 181.6 181 180.32 179.56 178.74 177.88 177 176.11 175.24 174.41 173.66 173 172.45 172.01 171.63 171.3 171 170.7 170.37 169.99 169.55 169 168.33 167.52 166.53 165.35
167 168.88 170.24 171.16 171.72 172 172.08 172.04 171.96 171.92 172 172.26 172.66 173.12 173.59 174 174.29 174.44 174.45 174.31 174 173.54 173.02 172.52 172.15 172 172.15 172.52 173.02 173.54 174 174.3 174.45 174.44 174.28 174 173.61 173.2 172.9 172.79 173 173.6 174.57 175.83 177.33 179 180.78 182.57 184.27 185.78 187 187.86 188.36 188.53 188.4 188 187.37 186.58 185.71 184.82 184 183.3 182.7 182.15 181.6 181 180.32 179.56 178.74 177.88 177 176.11 175.24 174.41 173.66 173 172.45 172.01 171.63 171.3 171 170.7 170.37 169.99 169.55 169 168.33 167.52 166.53 165.35
167 168.88 170.24 171.16 171.72 172 172.08 172.04 171.96 171.92 172 172.26 172.66 173.12 173.59 174 174.29 174.44 174.45 174.31 174 173.54 173.02 172.52 172.15 172 172.15 172.52 173.02 173.54 174 174.3 174.45 174.44 174.28 174 173.61 173.2 172.9 172.79 173 173.6 174.57 175.83 177.33 179 180.78 182.57 184.27 185.78 187 187.86 188.36 188.53 188.4 188 187.37 186.58 185.71 184.82 184 183.3 182.7 182.15 181.6 181 180.32 179.56 178.74 177.88 177 176.11 175.24 174.41 173.66 173 172.45 172.01 171.63 171.3 171 170.7 170.37 169.99 169.55 169 168.33 167.52 166.53 165.35
167 168.88 170.24 171.16 171.72 172 172.08 172.04 171.96 171.92 172 172.26 172.66 173.12 173.59 174 174.29 174.44 174.45 174.31 174 173.54 173.02 172.52 172.15 172 172.15 172.52 173.02 173.54 174 174.3 174.45 174.44 174.28 174 173.61 173.2 172.9 172.79 173 173.6 174.57 175.83 177.33 179 180.78 182.57 184.27 185.78 187 187.86 188.36 188.53 188.4 188 187.37 186.58 185.71 184.82 184 183.3 182.7 182.15 181.6 181 180.32 179.56 178.74 177.88 177 176.11 175.24 174.41 173.66 173 172.45 172.01 171.63 171.3 171 170.7 170.37 169.99 169.55 169 168.33 167.52 166.53 165.35
167 168.88 170.24 171.16 171.72 172 172.08 172.04 171.96 171.92 172 172.26 172.66 173.12 173.59 174 174.29 174.44 174.45 174.31 174 173.54 173.02 172.52 172.15 172 172.15 172.52 173.02 173.54 174 174.3 174.45 174.44 174.28 174 173.61 173.2 172.9 172.79 173 173.6 174.57 175.83 177.33 179 180.78 182.57 184.27 185.78 187 187.86 188.36 188.53 188.4 188 187.37 186.58 185.71 184.82 184 183.3 182.7 182.15 181.6 181 180.32 179.56 178.74 177.88 177 176.11 175.24 174.41 173.66 173 172.45 172.01 171.63 171.3 171 170.7 170.37 169.99 169.55 169 168.33 167.52 166.53 165.35
167 168.88 170.24 171.16 171.72 172 172.08 172.04 171.96 171.92 172 172.26 172.66 173.12 173.59 174 174.29 174.44 174.45 174.31 174 173.54 173.02 172.52 172.15 172 172.15 172.52 173.02 173.54 174 174.3 174.45 174.44 174.28 174 173.61 173.2 172.9 172.79 173 173.6 174.57 175.83 177.33 179 180.78 182.57 184.27 185.78 187 187.86 188.36 188.53 188.4 188 187.37 186.58 185.71 184.82 184 183.3 182.7 182.15 181.6 181 180.32 179.56 178.74 177.88 177 176.11 175.24 174.41 173.66 173 172.45 172.01 171.63 171.3 171 170.7 170.37 169.99 169.55 169 168.33 167.52 166.53 165.35
167 168.88 170.24 171.16 171.72 172 172.08 172.04 171.96 171.92 172 172.26 172.66 173.12 173.59 174 174.29 174.44 174.45 174.31 174 173.54 173.02 172.52 172.15 172 172.15 172.52 173.02 173.54 174 174.3 174.45 174.44 174.28 174 173.61 173.2 172.9 172.79 173 173.6 174.57 175.83 177.33 179 180.78 182.57 184.27 185.78 187 187.86 188.36 188.53 188.4 188 187.37 186.58 185.71 184.82 184 183.3 182.7 182.15 181.6 181 180.32 179.56 178.74 177.88 177 176.11 175.24 174.41 173.66 173 172.45 172.01 171.63 171.3 171 170.7 170.37 169.99 169.55 169 168.33 167.52 166.53 165.35
167 168.88 170.24 171.16 171.72 172 172.08 172.04 171.96 171.92 172 172.26 172.66 173.12 173.59 174 174.29 174.44 174.45 174.31 174 173.54 173.02 172.52 172.15 172 172.15 172.52 173.02 173.54 174 174.3 174.45 174.44 174.28 174 173.61 173.2 172.9 172.79 173 173.6 174.57 175.83 177.33 179 180.78 182.57 184.27 185.78 187 187.86 188.36 188.53 188.4 188 187.37 186.58 185.71 184.82 184 183.3 182.7 182.15 181.6 181 180.32 179.56 178.74 177.88 177 176.11 175.24 174.41 173.66 173 172.45 172.01 171.63 171.3 171 170.7 170.37 169.99 169.55 169 168.33 167.52 166.53 165.35
167 168.88 170.24 171.16 171.72 172 172.08 172.04 171.96 171.92 172 172.26 172.66 173.12 173.59 174 174.29 174.44 174.45 174.31 174 173.54 173.02 172.52 172.15 172 172.15 172.52 173.02 173.54 174 174.3 174.45 174.44 174.28 174 173.61 173.2 172.9 172.79 173 173.6 174.57 175.83 177.33 179 180.78 182.57 184.27 185.78 187 187.86 188.36 188.53 188.4 188 187.37 186.58 185.71 184.82 184 183.3 182.7 182.15 181.6 181 180.32 179.56 178.74 177.88 177 176.11 175.24 174.41 173.66 173 172.45 172.01 171.63 171.3 171 170.7 170.37 169.99 169.55 169 168.33 167.52 166.53 165.35
167 168.88 170.24 171.16 171.72 172 172.08 172.04 171.96 171.92 172 172.26 172.66 173.12 173.59 174 174.29 174.44 174.45 174.31 174 173.54 173.02 172.52 172.15 172 172.15 172.52 173.02 173.54 174 174.3 174.45 174.44 174.28 174 173.61 173.2 172.9 172.79 173 173.6 174.57 175.83 177.33 179 180.78 182.57 184.27 185.78 187 187.86 188.36 188.53 188.4 188 187.37 186.58 185.71 184.82 184 183.3 182.7 182.15 181.6 181 180.32 179.56 178.74 177.88 177 176.11 175.24 174.41 173.66 173 172.45 172.01 171.63 171.3 171 170.7 170.37 169.99 169.55 169 168.33 167.52 166.53 165.35
167 168.88 170.24 171.16 171.72 172 172.08 172.04 171.96 171.92 172 172.26 172.66 173.12 173.59 174 174.29 174.44 174.45 174.31 174 173.54 173.02 172.52 172.15 172 172.15 172.52 173.02 173.54 174 174.3 174.45 174.44 174.28 174 173.61 173.2 172.9 172.79 173 173.6 174.57 175.83 177.33 179 180.78 182.57 184.27 185.78 187 187.86 188.36 188.53 188.4 188 187.37 186.58 185.71 184.82 184 183.3 182.7 182.15 181.6 181 180.32 179.56 178.74 177.88 177 176.11 175.24 174.41 173.66 173 172.45 172.01 171.63 171.3 171 170.7 170.37 169.99 169.55 169 168.33 167.52 166.53 165.35
167 168.88 170.24 171.16 171.72 172 172.08 172.04 171.96 171.92 172 172.26 172.66 173.12 173.59 174 174.29 174.44 174.45 174.31 174 173.54 173.02 172.52 172.15 172 172.15 172.52 173.02 173.54 174 174.3 174.45 174.44 174.28 174 173.61 173.2 172.9 172.79 173 173.6 174.57 175.83 177.33 179 180.78 182.57 184.27 185.78 187 187.86 188.36 188.53 188.4 188 187.37 186.58 185.71 184.82 184 183.3 182.7 182.15 181.6 181 180.32 179.56 178.74 177.88 177 176.11 175.24 174.41 173.66 173 172.45 172.01 171.63 171.3 171 170.7 170.37 169.99 169.55 169 168.33 167.52 166.53 165.35
167 168.88 170.24 171.16 171.72 172 172.08 172.04 171.96 171.92 172 172.26 172.66 173.12 173.59 174 174.29 174.44 174.45 174.31 174 173.54 173.02 172.52 172.15 172 172.15 172.52 173.02 173.54 174 174.3 174.45 174.44 174.28 174 173.61 173.2 172.9 172.79 173 173.6 174.57 175.83 177.33 179 180.78 182.57 184.27 185.78 187 187.86 188.36 188.53 188.4 188 187.37 186.58 185.71 184.82 184 183.3 182.7 182.15 181.6 181 180.32 179.56 178.74 177.88 177 176.11 175.24 174.41 173.66 173 172.45 172.01 171.63 171.3 171 170.7 170.37 169.99 169.55 169 168.33 167.52 166.53 165.35
167 168.88 170.24 171.16 171.72 172 172.08 172.04 171.96 171.92 172 172.26 172.66 173.12 173.59 174 174.29 174.44 174.45 174.31 174 173.54 173.02 172.52 172.15 172 172.15 172.52 173.02 173.54 174 174.3 174.45 174.44 174.28 174 173.61 173.2 172.9 172.79 173 173.6 174.57 175.83 177.33 179 180.78 182.57 184.27 185.78 187 187.86 188.36 188.53 188.4 188 187.37 186.58 185.71 184.82 184 183.3 182.7 182.15 181.6 181 180.32 179.56 178.74 177.88 177 176.11 175.24 174.41 173.66 173 172.45 172.01 171.63 171.3 171 170.7 170.37 169.99 169.55 169 168.33 167.52 166.53 165.35
167 168.88 170.24 171.16 171.72 172 172.08 172.04 171.96 171.92 172 172.26 172.66 173.12 173.59 174 174.29 174.44 174.45 174.31 174 173.54 173.02 172.52 172.15 172 172.15 172.52 173.02 173.54 174 174.3 174.45 174.44 174.28 174 173.61 173.2 172.9 172.79 173 173.6 174.57 175.83 177.33 179 180.78 182.57 184.27 185.78 187 187.86 188.36 188.53 188.4 188 187.37 186.58 185.71 184.82 184 183.3 182.7 182.15 181.6 181 180.32 179.56 178.74 177.88 177 176.11 175.24 174.41 173.66 173 172.45 172.01 171.63 171.3 171 170.7 170.37 169.99 169.55 169 168.33 167.52 166.53 165.35
167 168.88 170.24 171.16 171.72 172 172.08 172.04 171.96 171.92 172 172.26 172.66 173.12 173.59 174 174.29 174.44 174.45 174.31 174 173.54 173.02 172.52 172.15 172 172.15 172.52 173.02 173.54 174 174.3 174.45 174.44 174.28 174 173.61 173.2 172.9 172.79 173 173.6 174.57 175.83 177.33 179 180.78 182.57 184.27 185.78 187 187.86 188.36 188.53 188.4 188 187.37 186.58 185.71 184.82 184 183.3 182.7 182.15 181.6 181 180.32 179.56 178.74 177.88 177 176.11 175.24 174.41 173.66 173 172.45 172.01 171.63 171.3 171 170.7 170.37 169.99 169.55 169 168.33 167.52 166.53 165.35
167 168.88 170.24 171.16 171.72 172 172.08 172.04 171.96 171.92 172 172.26 172.66 173.12 173.59 174 174.29 174.44 174.45 174.31 174 173.54 173.02 172.52 172.15 172 172.15 172.52 173.02 173.54 174 174.3 174.45 174.44 174.28 174 173.61 173.2 172.9 172.79 173 173.6 174.57 175.83 177.33 179 180.78 182.57 184.27 185.78 187 187.86 188.36 188.53 188.4 188 187.37 186.58 185.71 184.82 184 183.3 182.7 182.15 181.6 181 180.32 179.56 178.74 177.88 177 176.11 175.24 174.41 173.66 173 172.45 172.01 171.63 171.3 171 170.7 170.37 169.99 169.55 169 168.33 167.52 166.53 165.35
167 168.88 170.24 171.16 171.72 172 172.08 172.04 171.96 171.92 172 172.26 172.66 173.12 173.59 174 174.29 174.44 174.45 174.31 174 173.54 173.02 172.52 172.15 172 172.15 172.52 173.02 173.54 174 174.3 174.45 174.44 174.28 174 173.61 173.2 172.9 172.79 173 173.6 174.57 175.83 177.33 179 180.78 182.57 184.27 185.78 187 187.86 188.36 188.53 188.4 188 187.37 186.58 185.71 184.82 184 183.3 182.7 182.15 181.6 181 180.32 179.56 178.74 177.88 177 176.11 175.24 174.41 173.66 173 172.45 172.01 171.63 171.3 171 170.7 170.37 169.99 169.55 169 168.33 167.52 166.53 165.35
167 168.88 170.24 171.16 171.72 172 172.08 172.04 171.96 171.92 172 172.26 172.66 173.12 173.59 174 174.29 174.44 174.45 174.31 174 173.54 173.02 172.52 172.15 172 172.15 172.52 173.02 173.54 174 174.3 174.45 174.44 174.28 174 173.61 173.2 172.9 172.79 173 173.6 174.57 175.83 177.33 179 180.78 182.57 184.27 185.78 187 187.86 188.36 188.53 188.4 188 187.37 186.58 185.71 184.82 184 183.3 182.7 182.15 181.6 181 180.32 179.56 178.74 177.88 177 176.11 175.24 174.41 173.66 173 172.45 172.01 171.63 171.3 171 170.7 170.37 169.99 169.55 169 168.33 167.52 166.53 165.35
167 168.88 170.24 171.16 171.72 172 172.08 172.04 171.96 171.92 172 172.26 172.66 173.12 173.59 174 174.29 174.44 174.45 174.31 174 173.54 173.02 172.52 172.15 172 172.15 172.52 173.02 173.54 174 174.3 174.45 174.44 174.28 174 173.61 173.2 172.9 172.79 173 173.6 174.57 175.83 177.33 179 180.78 182.57 184.27 185.78 187 187.86 188.36 188.53 188.4 188 187.37 186.58 185.71 184.82 184 183.3 182.7 182.15 181.6 181 180.32 179.56 178.74 177.88 177 176.11 175.24 174.41 173.66 173 172.45 172.01 171.63 171.3 171 170.7 170.37 169.99 169.55 169 168.33 167.52 166.53 165.35
167 168.88 170.24 171.16 171.72 172 172.08 172.04 171.96 171.92 172 172.26 172.66 173.12 173.59 174 174.29 174.44 174.45 174.31 174 173.54 173.02 172.52 172.15 172 172.15 172.52 173.02 173.54 174 174.3 174.45 174.44 174.28 174 173.61 173.2 172.9 172.79 173 173.6 174.57 175.83 177.33 179 180.78 182.57 184.27 185.78 187 187.86 188.36 188.53 188.4 188 187.37 186.58 185.71 184.82 184 183.3 182.7 182.15 181.6 181 180.32 179.56 178.74 177.88 177 176.11 175.24 174.41 173.66 173 172.45 172.01 171.63 171.3 171 170.7 170.37 169.99 169.55 169 168.33 167.52 166.53 165.35
167 168.88 170.24 171.16 171.72 172 172.08 172.04 171.96 171.92 172 172.26 172.66 173.12 173.59 174 174.29 174.44 174.45 174.31 174 173.54 173.02 172.52 172.15 172 172.15 172.52 173.02 173.54 174 174.3 174.45 174.44 174.28 174 173.61 173.2 172.9 172.79 173 173.6 174.57 175.83 177.33 179 180.78 182.57 184.27 185.78 187 187.86 188.36 188.53 188.4 188 187.37 186.58 185.71 184.82 184 183.3 182.7 182.15 181.6 181 180.32 179.56 178.74 177.88 177 176.11 175.24 174.41 173.66 173 172.45 172.01 171.63 171.3 171 170.7 170.37 169.99 169.55 169 168.33 167.52 166.53 165.35
167 168.88 170.24 171.16 171.72 172 172.08 172.04 171.96 171.92 172 172.26 172.66 173.12 173.59 174 174.29 174.44 174.45 174.31 174 173.54 173.02 172.52 172.15 172 172.15 172.52 173.02 173.54 174 174.3 174.45 174.44 174.28 174 173.61 173.2 172.9 172.79 173 173.6 174.57 175.83 177.33 179 180.78 182.57 184.27 185.78 187 187.86 188.36 188.53 188.4 188 187.37 186.58 185.71 184.82 184 183.3 182.7 182.15 181.6 181 180.32 179.56 178.74 177.88 177 176.11 175.24 174.41 173.66 173 172.45 172.01 171.63 171.3 171 170.7 170.37 169.99 169.55 169 168.33 167.52 166.53 165.35
167 168.88 170.24 171.16 171.72 172 172.08 172.04 171.96 171.92 172 172.26 172.66 173.12 173.59 174 174.29 174.44 174.45 174.31 174 173.54 173.02 172.52 172.15 172 172.15 172.52 173.02 173.54 174 174.3 174.45 174.44 174.28 174 173.61 173.2 172.9 172.79 173 173.6 174.57 175.83 177.33 179 180.78 182.57 184.27 185.78 187 187.86 188.36 188.53 188.4 188 187.37 186.58 185.71 184.82 184 183.3 182.7 182.15 181.6 181 180.32 179.56 178.74 177.88 177 176.11 175.24 174.41 173.66 173 172.45 172.01 171.63 171.3 171 170.7 170.37 169.99 169.55 169 168.33 167.52 166.53 165.35
167 168.88 170.24 171.16 171.72 172 172.08 172.04 171.96 171.92 172 172.26 172.66 173.12 173.59 174 174.29 174.44 174.45 174.31 174 173.54 173.02 172.52 172.15 172 172.15 172.52 173.02 173.54 174 174.3 174.45 174.44 174.28 174 173.61 173.2 172.9 172.79 173 173.6 174.57 175.83 177.33 179 180.78 182.57 184.27 185.78 187 187.86 188.36 188.53 188.4 188 187.37 186.58 185.71 184.82 184 183.3 182.7 182.15 181.6 181 180.32 179.56 178.74 177.88 177 176.11 175.24 174.41 173.66 173 172.45 172.01 171.63 171.3 171 170.7 170.37 169.99 169.55 169 168.33 167.52 166.53 165.35
167 168.88 170.24 171.16 171.72 172 172.08 172.04 171.96 171.92 172 172.26 172.66 173.12 173.59 174 174.29 174.44 174.45 174.31 174 173.54 173.02 172.52 172.15 172 172.15 172.52 173.02 173.54 174 174.3 174.45 174.44 174.28 174 173.61 173.2 172.9 172.79 173 173.6 174.57 175.83 177.33 179 180.78 182.57 184.27 185.78 187 187.86 188.36 188.53 188.4 188 187.37 186.58 185.71 184.82 184 183.3 182.7 182.15 181.6 181 180.32 179.56 178.74 177.88 177 176.11 175.24 174.41 173.66 173 172.45 172.01 171.63 171.3 171 170.7 170.37 169.99 169.55 169 168.33 167.52 166.53 165.35
167 168.88 170.24 171.16 171.72 172 172.08 172.04 171.96 171.92 172 172.26 172.66 173.12 173.59 174 174.29 174.44 174.45 174.31 174 173.54 173.02 172.52 172.15 172 172.15 172.52 173.02 173.54 174 174.3 174.45 174.44 174.28 174 173.61 173.2 172.9 172.79 173 173.6 174.57 175.83 177.33 179 180.78 182.57 184.27 185.78 187 187.86 188.36 188.53 188.4 188 187.37 186.58 185.71 184.82 184 183.3 182.7 182.15 181.6 181 180.32 179.56 178.74 177.88 177 176.11 175.24 174.41 173.66 173 172.45 172.01 171.63 171.3 171 170.7 170.37 169.99 169.55 169 168.33 167.52 166.53 165.35
167 168.88 170.24 171.16 171.72 172 172.08 172.04 171.96 171.92 172 172.26 172.66 173.12 173.59 174 174.29 174.44 174.45 174.31 174 173.54 173.02 172.52 172.15 172 172.15 172.52 173.02 173.54 174 174.3 174.45 174.44 174.28 174 173.61 173.2 172.9 172.79 173 173.6 174.57 175.83 177.33 179 180.78 182.57 184.27 185.78 187 187.86 188.36 188.53 188.4 188 187.37 186.58 185.71 184.82 184 183.3 182.7 182.15 181.6 181 180.32 179.56 178.74 177.88 177 176.11 175.24 174.41 173.66 173 172.45 172.01 171.63 171.3 171 170.7 170.37 169.99 169.55 169 168.33 167.52 166.53 165.35
167 168.88 170.24 171.16 171.72 172 172.08 172.04 171.96 171.92 172 172.26 172.66 173.12 173.59 174 174.29 174.44 174.45 174.31 174 173.54 173.02 172.52 172.15 172 172.15 172.52 173.02 173.54 174 174.3 174.45 174.44 174.28 174 173.61 173.2 172.9 172.79 173 173.6 174.57 175.83 177.33 179 180.78 182.57 184.27 185.78 187 187.86 188.36 188.53 188.4 188 187.37 186.58 185.71 184.82 184 183.3 182.7 182.15 181.6 181 180.32 179.56 178.74 177.88 177 176.11 175.24 174.41 173.66 173 172.45 172.01 171.63 171.3 171 170.7 170.37 169.99 169.55 169 168.33 167.52 166.53 165.35
167 168.88 170.24 171.16 171.72 172 172.08 172.04 171.96 171.92 172 172.26 172.66 173.12 173.59 174 174.29 174.44 174.45 174.31 174 173.54 173.02 172.52 172.15 172 172.15 172.52 173.02 173.54 174 174.3 174.45 174.44 174.28 174 173.61 173.2 172.9 172.79 173 173.6 174.57 175.83 177.33 179 180.78 182.57 184.27 185.78 187 187.86 188.36 188.53 188.4 188 187.37 186.58 185.71 184.82 184 183.3 182.7 182.15 181.6 181 180.32 179.56 178.74 177.88 177 176.11 175.24 174.41 173.66 173 172.45 172.01 171.63 171.3 171 170.7 170.37 169.99 169.55 169 168.33 167.52 166.53 165.35
167 168.88 170.24 171.16 171.72 172 172.08 172.04 171.96 171.92 172 172.26 172.66 173.12 173.59 174 174.29 174.44 174.45 174.31 174 173.54 173.02 172.52 172.15 172 172.15 172.52 173.02 173.54 174 174.3 174.45 174.44 174.28 174 173.61 173.2 172.9 172.79 173 173.6 174.57 175.83 177.33 179 180.78 182.57 184.27 185.78 187 187.86 188.36 188.53 188.4 188 187.37 186.58 185.71 184.82 184 183.3 182.7 182.15 181.6 181 180.32 179.56 178.74 177.88 177 176.11 175.24 174.41 173.66 173 172.45 172.01 171.63 171.3 171 170.7 170.37 169.99 169.55 169 168.33 167.52 166.53 165.35
167 168.88 170.24 171.16 171.72 172 172.08 172.04 171.96 171.92 172 172.26 172.66 173.12 173.59 174 174.29 174.44 174.45 174.31 174 173.54 173.02 172.52 172.15 172 172.15 172.52 173.02 173.54 174 174.3 174.45 174.44 174.28 174 173.61 173.2 172.9 172.79 173 173.6 174.57 175.83 177.33 179 180.78 182.57 184.27 185.78 187 187.86 188.36 188.53 188.4 188 187.37 186.58 185.71 184.82 184 183.3 182.7 182.15 181.6 181 180.32 179.56 178.74 177.88 177 176.11 175.24 174.41 173.66 173 172.45 172.01 171.63 171.3 171 170.7 170.37 169.99 169.55 169 168.33 167.52 166.53 165.35
167 168.88 170.24 171.16 171.72 172 172.08 172.04 171.96 171.92 172 172.26 172.66 173.12 173.59 174 174.29 174.44 174.45 174.31 174 173.54 173.02 172.52 172.15 172 172.15 172.52 173.02 173.54 174 174.3 174.45 174.44 174.28 174 173.61 173.2 172.9 172.79 173 173.6 174.57 175.83 177.33 179 180.78 182.57 184.27 185.78 187 187.86 188.36 188.53 188.4 188 187.37 186.58 185.71 184.82 184 183.3 182.7 182.15 181.6 181 180.32 179.56 178.74 177.88 177 176.11 175.24 174.41 173.66 173 172.45 172.01 171.63 171.3 171 170.7 170.37 169.99 169.55 169 168.33 167.52 166.53 165.35
167 168.88 170.24 171.16 171.72 172 172.08 172.04 171.96 171.92 172 172.26 172.66 173.12 173.59 174 174.29 174.44 174.45 174.31 174 173.54 173.02 172.52 172.15 172 172.15 172.52 173.02 173.54 174 174.3 174.45 174.44 174.28 174 173.61 173.2 172.9 172.79 173 173.6 174.57 175.83 177.33 179 180.78 182.57 184.27 185.78 187 187.86 188.36 188.53 188.4 188 187.37 186.58 185.71 184.82 184 183.3 182.7 182.15 181.6 181 180.32 179.56 178.74 177.88 177 176.11 175.24 174.41 173.66 173 172.45 172.01 171.63 171.3 171 170.7 170.37 169.99 169.55 169 168.33 167.52 166.53 165.35
167 168.88 170.24 171.16 171.72 172 172.08 172.04 171.96 171.92 172 172.26 172.66 173.12 173.59 174 174.29 174.44 174.45 174.31 174 173.54 173.02 172.52 172.15 172 172.15 172.52 173.02 173.54 174 174.3 174.45 174.44 174.28 174 173.61 173.2 172.9 172.79 173 173.6 174.57 175.83 177.33 179 180.78 182.57 184.27 185.78 187 187.86 188.36 188.53 188.4 188 187.37 186.58 185.71 184.82 184 183.3 182.7 182.15 181.6 181 180.32 179.56 178.74 177.88 177 176.11 175.24 174.41 173.66 173 172.45 172.01 171.63 171.3 171 170.7 170.37 169.99 169.55 169 168.33 167.52 166.53 165.35
167 168.88 170.24 171.16 171.72 172 172.08 172.04 171.96 171.92 172 172.26 172.66 173.12 173.59 174 174.29 174.44 174.45 174.31 174 173.54 173.02 172.52 172.15 172 172.15 172.52 173.02 173.54 174 174.3 174.45 174.44 174.28 174 173.61 173.2 172.9 172.79 173 173.6 174.57 175.83 177.33 179 180.78 182.57 184.27 185.78 187 187.86 188.36 188.53 188.4 188 187.37 186.58 185.71 184.82 184 183.3 182.7 182.15 181.6 181 180.32 179.56 178.74 177.88 177 176.11 175.24 174.41 173.66 173 172.45 172.01 171.63 171.3 171 170.7 170.37 169.99 169.55 169 168.33 167.52 166.53 165.35
167 168.88 170.24 171.16 171.72 172 172.08 172.04 171.96 171.92 172 172.26 172.66 173.12 173.59 174 174.29 174.44 174.45 174.31 174 173.54 173.02 172.52 172.15 172 172.15 172.52 173.02 173.54 174 174.3 174.45 174.44 174.28 174 173.61 173.2 172.9 172.79 173 173.6 174.57 175.83 177.33 179 180.78 182.57 184.27 185.78 187 187.86 188.36 188.53 188.4 188 187.37 186.58 185.71 184.82 184 183.3 182.7 182.15 181.6 181 180.32 179.56 178.74 177.88 177 176.11 175.24 174.41 173.66 173 172.45 172.01 171.63 171.3 171 170.7 170.37 169.99 169.55 169 168.33 167.52 166.53 165.35
167 168.88 170.24 171.16 171.72 172 172.08 172.04 171.96 171.92 172 172.26 172.66 173.12 173.59 174 174.29 174.44 174.45 174.31 174 173.54 173.02 172.52 172.15 172 172.15 172.52 173.02 173.54 174 174.3 174.45 174.44 174.28 174 173.61 173.2 172.9 172.79 173 173.6 174.57 175.83 177.33 179 180.78 182.57 184.27 185.78 187 187.86 188.36 188.53 188.4 188 187.37 186.58 185.71 184.82 184 183.3 182.7 182.15 181.6 181 180.32 179.56 178.74 177.88 177 176.11 175.24 174.41 173.66 173 172.45 172.01 171.63 171.3 171 170.7 170.37 169.99 169.55 169 168.33 167.52 166.53 165.35
167 168.88 170.24 171.16 171.72 172 172.08 172.04 171.96 171.92 172 172.26 172.66 173.12 173.59 174 174.29 174.44 174.45 174.31 174 173.54 173.02 172.52 172.15 172 172.15 172.52 173.02 173.54 174 174.3 174.45 174.44 174.28 174 173.61 173.2 172.9 172.79 173 173.6 174.57 175.83 177.33 179 180.78 182.57 184.27 185.78 187 187.86 188.36 188.53 188.4 188 187.37 186.58 185.71 184.82 184 183.3 182.7 182.15 181.6 181 180.32 179.56 178.74 177.88 177 176.11 175.24 174.41 173.66 173 172.45 172.01 171.63 171.3 171 170.7 170.37 169.99 169.55 169 168.33 167.52 166.53 165.35
167 168.88 170.24 171.16 171.72 172 172.08 172.04 171.96 171.92 172 172.26 172.66 173.12 173.59 174 174.29 174.44 174.45 174.31 174 173.54 173.02 172.52 172.15 172 172.15 172.52 173.02 173.54 174 174.3 174.45 174.44 174.28 174 173.61 173.2 172.9 172.79 173 173.6 174.57 175.83 177.33 179 180.78 182.57 184.27 185.78 187 187.86 188.36 188.53 188.4 188 187.37 186.58 185.71 184.82 184 183.3 182.7 182.15 181.6 181 180.32 179.56 178.74 177.88 177 176.11 175.24 174.41 173.66 173 172.45 172.01 171.63 171.3 171 170.7 170.37 169.99 169.55 169 168.33 167.52 166.53 165.35
167 168.88 170.24 171.16 171.72 172 172.08 172.04 171.96 171.92 172 172.26 172.66 173.12 173.59 174 174.29 174.44 174.45 174.31 174 173.54 173.02 172.52 172.15 172 172.15 172.52 173.02 173.54 174 174.3 174.45 174.44 174.28 174 173.61 173.2 172.9 172.79 173 173.6 174.57 175.83 177.33 179 180.78 182.57 184.27 185.78 187 187.86 188.36 188.53 188.4 188 187.37 186.58 185.71 184.82 184 183.3 182.7 182.15 181.6 181 180.32 179.56 178.74 177.88 177 176.11 175.24 174.41 173.66 173 172.45 172.01 171.63 171.3 171 170.7 170.37 169.99 169.55 169 168.33 167.52 166.53 165.35
167 168.88 170.24 171.16 171.72 172 172.08 172.04 171.96 171.92 172 172.26 172.66 173.12 173.59 174 174.29 174.44 174.45 174.31 174 173.54 173.02 172.52 172.15 172 172.15 172.52 173.02 173.54 174 174.3 174.45 174.44 174.28 174 173.61 173.2 172.9 172.79 173 173.6 174.57 175.83 177.33 179 180.78 182.57 184.27 185.78 187 187.86 188.36 188.53 188.4 188 187.37 186.58 185.71 184.82 184 183.3 182.7 182.15 181.6 181 180.32 179.56 178.74 177.88 177 176.11 175.24 174.41 173.66 173 172.45 172.01 171.63 171.3 171 170.7 170.37 169.99 169.55 169 168.33 167.52 166.53 165.35
167 168.88 170.24 171.16 171.72 172 172.08 172.04 171.96 171.92 172 172.26 172.66 173.12 173.59 174 174.29 174.44 174.45 174.31 174 173.54 173.02 172.52 172.15 172 172.15 172.52 173.02 173.54 174 174.3 174.45 174.44 174.28 174 173.61 173.2 172.9 172.79 173 173.6 174.57 175.83 177.33 179 180.78 182.57 184.27 185.78 187 187.86 188.36 188.53 188.4 188 187.37 186.58 185.71 184.82 184 183.3 182.7 182.15 181.6 181 180.32 179.56 178.74 177.88 177 176.11 175.24 174.41 173.66 173 172.45 172.01 171.63 171.3 171 170.7 170.37 169.99 169.55 169 168.33 167.52 166.53 165.35
167 168.88 170.24 171.16 171.72 172 172.08 172.04 171.96 171.92 172 172.26 172.66 173.12 173.59 174 174.29 174.44 174.45 174.31 174 173.54 173.02 172.52 172.15 172 172.15 172.52 173.02 173.54 174 174.3 174.45 174.44 174.28 174 173.61 173.2 172.9 172.79 173 173.6 174.57 175.83 177.33 179 180.78 182.57 184.27 185.78 187 187.86 188.36 188.53 188.4 188 187.37 186.58 185.71 184.82 184 183.3 182.7 182.15 181.6 181 180.32 179.56 178.74 177.88 177 176.11 175.24 174.41 173.66 173 172.45 172.01 171.63 171.3 171 170.7 170.37 169.99 169.55 169 168.33 167.52 166.53 165.35
167 168.88 170.24 171.16 171.72 172 172.08 172.04 171.96 171.92 172 172.26 172.66 173.12 173.59 174 174.29 174.44 174.45 174.31 174 173.54 173.02 172.52 172.15 172 172.15 172.52 173.02 173.54 174 174.3 174.45 174.44 174.28 174 173.61 173.2 172.9 172.79 173 173.6 174.57 175.83 177.33 179 180.78 182.57 184.27 185.78 187 187.86 188.36 188.53 188.4 188 187.37 186.58 185.71 184.82 184 183.3 182.7 182.15 181.6 181 180.32 179.56 178.74 177.88 177 176.11 175.24 174.41 173.66 173 172.45 172.01 171.63 171.3 171 170.7 170.37 169.99 169.55 169 168.33 167.52 166.53 165.35
167 168.88 170.24 171.16 171.72 172 172.08 172.04 171.96 171.92 172 172.26 172.66 173.12 173.59 174 174.29 174.44 174.45 174.31 174 173.54 173.02 172.52 172.15 172 172.15 172.52 173.02 173.54 174 174.3 174.45 174.44 174.28 174 173.61 173.2 172.9 172.79 173 173.6 174.57 175.83 177.33 179 180.78 182.57 184.27 185.78 187 187.86 188.36 188.53 188.4 188 187.37 186.58 185.71 184.82 184 183.3 182.7 182.15 181.6 181 180.32 179.56 178.74 177.88 177 176.11 175.24 174.41 173.66 173 172.45 172.01 171.63 171.3 171 170.7 170.37 169.99 169.55 169 168.33 167.52 166.53 165.35
