0 0 0 0 0 0 0 0 0 0 0 0 0 0 0 11.429 11.429 11.429 11.429 11.429 1.9524 1.9524 1.9524 1.9524 1.9524 1.9524 1.9524 1.9524 1.9524 1.9524 1.9524 1.9524 1.9524 1.9524 1.9524 1.9524 1.9524 1.9524 1.9524 1.9524 1.9524 1.9524 1.9524 1.9524 1.9524 1.9524 1.9524 1.9524 1.9524 1.9524 0 0 0 0 0 0 0 0 0 0 0 0 0 0 0 0 0 0 0 0 0 0 0 0 0 0 0 0 0 0 0 0 0 0 0 0 0 0 0 0 0 0 0 0 0 0 0 0 0 0 0 0 0 0 0 0 0 0 0 0 0 0 0 0 0 0 0 0 0 0 0 0 0 0 0 0 0 0 0 0 0 0 0 0 0 0 0 0 0 0 0 0 0 0 0 0 0 0 0 0 0 0 0 0 0 0 0 0 0 0 0 0 0 0 0 0 0 0 0 0 0 0 0 0 0 0 0 0 0 0 0 0 0 0 0
0 0 0 0 0 0 0 0 0 0 0 0 0 0 0 11.429 11.429 11.429 11.429 11.429 1.9524 1.9524 1.9524 1.9524 1.9524 1.9524 1.9524 1.9524 1.9524 1.9524 1.9524 1.9524 1.9524 1.9524 1.9524 1.9524 1.9524 1.9524 1.9524 1.9524 1.9524 1.9524 1.9524 1.9524 1.9524 1.9524 1.9524 1.9524 1.9524 1.9524 0 0 0 0 0 0 0 0 0 0 0 0 0 0 0 0 0 0 0 0 0 0 0 0 0 0 0 0 0 0 0 0 0 0 0 0 0 0 0 0 0 0 0 0 0 0 0 0 0 0 0 0 0 0 0 0 0 0 0 0 0 0 0 0 0 0 0 0 0 0 0 0 0 0 0 0 0 0 0 0 0 0 0 0 0 0 0 0 0 0 0 0 0 0 0 0 0 0 0 0 0 0 0 0 0 0 0 0 0 0 0 0 0 0 0 0 0 0 0 0 0 0 0 0 0 0 0 0 0 0 0 0 0 0 0
0 0 0 0 0 0 0 0 0 0 0 0 0 0 0 11.429 11.429 11.429 11.429 11.429 1.9524 1.9524 1.9524 1.9524 1.9524 1.9524 1.9524 1.9524 1.9524 1.9524 1.9524 1.9524 1.9524 1.9524 1.9524 1.9524 1.9524 1.9524 1.9524 1.9524 1.9524 1.9524 1.9524 1.9524 1.9524 1.9524 1.9524 1.9524 1.9524 1.9524 0 0 0 0 0 0 0 0 0 0 0 0 0 0 0 0 0 0 0 0 0 0 0 0 0 0 0 0 0 0 0 0 0 0 0 0 0 0 0 0 0 0 0 0 0 0 0 0 0 0 0 0 0 0 0 0 0 0 0 0 0 0 0 0 0 0 0 0 0 0 0 0 0 0 0 0 0 0 0 0 0 0 0 0 0 0 0 0 0 0 0 0 0 0 0 0 0 0 0 0 0 0 0 0 0 0 0 0 0 0 0 0 0 0 0 0 0 0 0 0 0 0 0 0 0 0 0 0 0 0 0 0 0 0 0
0 0 0 0 0 0 0 0 0 0 0 0 0 0 0 11.429 11.429 11.429 11.429 11.429 1.9524 1.9524 1.9524 1.9524 1.9524 1.9524 1.9524 1.9524 1.9524 1.9524 1.9524 1.9524 1.9524 1.9524 1.9524 1.9524 1.9524 1.9524 1.9524 1.9524 1.9524 1.9524 1.9524 1.9524 1.9524 1.9524 1.9524 1.9524 1.9524 1.9524 0 0 0 0 0 0 0 0 0 0 0 0 0 0 0 0 0 0 0 0 0 0 0 0 0 0 0 0 0 0 0 0 0 0 0 0 0 0 0 0 0 0 0 0 0 0 0 0 0 0 0 0 0 0 0 0 0 0 0 0 0 0 0 0 0 0 0 0 0 0 0 0 0 0 0 0 0 0 0 0 0 0 0 0 0 0 0 0 0 0 0 0 0 0 0 0 0 0 0 0 0 0 0 0 0 0 0 0 0 0 0 0 0 0 0 0 0 0 0 0 0 0 0 0 0 0 0 0 0 0 0 0 0 0 0
0 0 0 0 0 0 0 0 0 0 0 0 0 0 0 11.429 11.429 11.429 11.429 11.429 1.9524 1.9524 1.9524 1.9524 1.9524 1.9524 1.9524 1.9524 1.9524 1.9524 1.9524 1.9524 1.9524 1.9524 1.9524 1.9524 1.9524 1.9524 1.9524 1.9524 1.9524 1.9524 1.9524 1.9524 1.9524 1.9524 1.9524 1.9524 1.9524 1.9524 0 0 0 0 0 0 0 0 0 0 0 0 0 0 0 0 0 0 0 0 0 0 0 0 0 0 0 0 0 0 0 0 0 0 0 0 0 0 0 0 0 0 0 0 0 0 0 0 0 0 0 0 0 0 0 0 0 0 0 0 0 0 0 0 0 0 0 0 0 0 0 0 0 0 0 0 0 0 0 0 0 0 0 0 0 0 0 0 0 0 0 0 0 0 0 0 0 0 0 0 0 0 0 0 0 0 0 0 0 0 0 0 0 0 0 0 0 0 0 0 0 0 0 0 0 0 0 0 0 0 0 0 0 0 0
0 0 0 0 0 0 0 0 0 0 0 0 0 0 0 11.429 11.429 11.429 11.429 11.429 1.9524 1.9524 1.9524 1.9524 1.9524 1.9524 1.9524 1.9524 1.9524 1.9524 1.9524 1.9524 1.9524 1.9524 1.9524 1.9524 1.9524 1.9524 1.9524 1.9524 1.9524 1.9524 1.9524 1.9524 1.9524 1.9524 1.9524 1.9524 1.9524 1.9524 0 0 0 0 0 0 0 0 0 0 0 0 0 0 0 0 0 0 0 0 0 0 0 0 0 0 0 0 0 0 0 0 0 0 0 0 0 0 0 0 0 0 0 0 0 0 0 0 0 0 0 0 0 0 0 0 0 0 0 0 0 0 0 0 0 0 0 0 0 0 0 0 0 0 0 0 0 0 0 0 0 0 0 0 0 0 0 0 0 0 0 0 0 0 0 0 0 0 0 0 0 0 0 0 0 0 0 0 0 0 0 0 0 0 0 0 0 0 0 0 0 0 0 0 0 0 0 0 0 0 0 0 0 0 0
0 0 0 0 0 0 0 0 0 0 0 0 0 0 0 11.429 11.429 11.429 11.429 11.429 1.9524 1.9524 1.9524 1.9524 1.9524 1.9524 1.9524 1.9524 1.9524 1.9524 1.9524 1.9524 1.9524 1.9524 1.9524 1.9524 1.9524 1.9524 1.9524 1.9524 1.9524 1.9524 1.9524 1.9524 1.9524 1.9524 1.9524 1.9524 1.9524 1.9524 0 0 0 0 0 0 0 0 0 0 0 0 0 0 0 0 0 0 0 0 0 0 0 0 0 0 0 0 0 0 0 0 0 0 0 0 0 0 0 0 0 0 0 0 0 0 0 0 0 0 0 0 0 0 0 0 0 0 0 0 0 0 0 0 0 0 0 0 0 0 0 0 0 0 0 0 0 0 0 0 0 0 0 0 0 0 0 0 0 0 0 0 0 0 0 0 0 0 0 0 0 0 0 0 0 0 0 0 0 0 0 0 0 0 0 0 0 0 0 0 0 0 0 0 0 0 0 0 0 0 0 0 0 0 0
0 0 0 0 0 0 0 0 0 0 0 0 0 0 0 11.429 11.429 11.429 11.429 11.429 1.9524 1.9524 1.9524 1.9524 1.9524 1.9524 1.9524 1.9524 1.9524 1.9524 1.9524 1.9524 1.9524 1.9524 1.9524 1.9524 1.9524 1.9524 1.9524 1.9524 1.9524 1.9524 1.9524 1.9524 1.9524 1.9524 1.9524 1.9524 1.9524 1.9524 0 0 0 0 0 0 0 0 0 0 0 0 0 0 0 0 0 0 0 0 0 0 0 0 0 0 0 0 0 0 0 0 0 0 0 0 0 0 0 0 0 0 0 0 0 0 0 0 0 0 0 0 0 0 0 0 0 0 0 0 0 0 0 0 0 0 0 0 0 0 0 0 0 0 0 0 0 0 0 0 0 0 0 0 0 0 0 0 0 0 0 0 0 0 0 0 0 0 0 0 0 0 0 0 0 0 0 0 0 0 0 0 0 0 0 0 0 0 0 0 0 0 0 0 0 0 0 0 0 0 0 0 0 0 0
0 0 0 0 0 0 0 0 0 0 0 0 0 0 0 11.429 11.429 11.429 11.429 11.429 1.9524 1.9524 1.9524 1.9524 1.9524 1.9524 1.9524 1.9524 1.9524 1.9524 1.9524 1.9524 1.9524 1.9524 1.9524 1.9524 1.9524 1.9524 1.9524 1.9524 1.9524 1.9524 1.9524 1.9524 1.9524 1.9524 1.9524 1.9524 1.9524 1.9524 0 0 0 0 0 0 0 0 0 0 0 0 0 0 0 0 0 0 0 0 0 0 0 0 0 0 0 0 0 0 0 0 0 0 0 0 0 0 0 0 0 0 0 0 0 0 0 0 0 0 0 0 0 0 0 0 0 0 0 0 0 0 0 0 0 0 0 0 0 0 0 0 0 0 0 0 0 0 0 0 0 0 0 0 0 0 0 0 0 0 0 0 0 0 0 0 0 0 0 0 0 0 0 0 0 0 0 0 0 0 0 0 0 0 0 0 0 0 0 0 0 0 0 0 0 0 0 0 0 0 0 0 0 0 0
0 0 0 0 0 0 0 0 0 0 0 0 0 0 0 11.429 11.429 11.429 11.429 11.429 1.9524 1.9524 1.9524 1.9524 1.9524 1.9524 1.9524 1.9524 1.9524 1.9524 1.9524 1.9524 1.9524 1.9524 1.9524 1.9524 1.9524 1.9524 1.9524 1.9524 1.9524 1.9524 1.9524 1.9524 1.9524 1.9524 1.9524 1.9524 1.9524 1.9524 0 0 0 0 0 0 0 0 0 0 0 0 0 0 0 0 0 0 0 0 0 0 0 0 0 0 0 0 0 0 0 0 0 0 0 0 0 0 0 0 0 0 0 0 0 0 0 0 0 0 0 0 0 0 0 0 0 0 0 0 0 0 0 0 0 0 0 0 0 0 0 0 0 0 0 0 0 0 0 0 0 0 0 0 0 0 0 0 0 0 0 0 0 0 0 0 0 0 0 0 0 0 0 0 0 0 0 0 0 0 0 0 0 0 0 0 0 0 0 0 0 0 0 0 0 0 0 0 0 0 0 0 0 0 0
0 0 0 0 0 0 0 0 0 0 0 0 0 0 0 11.429 11.429 11.429 11.429 11.429 1.9524 1.9524 1.9524 1.9524 1.9524 1.9524 1.9524 1.9524 1.9524 1.9524 1.9524 1.9524 1.9524 1.9524 1.9524 1.9524 1.9524 1.9524 1.9524 1.9524 1.9524 1.9524 1.9524 1.9524 1.9524 1.9524 1.9524 1.9524 1.9524 1.9524 0 0 0 0 0 0 0 0 0 0 0 0 0 0 0 0 0 0 0 0 0 0 0 0 0 0 0 0 0 0 0 0 0 0 0 0 0 0 0 0 0 0 0 0 0 0 0 0 0 0 0 0 0 0 0 0 0 0 0 0 0 0 0 0 0 0 0 0 0 0 0 0 0 0 0 0 0 0 0 0 0 0 0 0 0 0 0 0 0 0 0 0 0 0 0 0 0 0 0 0 0 0 0 0 0 0 0 0 0 0 0 0 0 0 0 0 0 0 0 0 0 0 0 0 0 0 0 0 0 0 0 0 0 0 0
0 0 0 0 0 0 0 0 0 0 0 0 0 0 0 11.429 11.429 11.429 11.429 11.429 1.9524 1.9524 1.9524 1.9524 1.9524 1.9524 1.9524 1.9524 1.9524 1.9524 1.9524 1.9524 1.9524 1.9524 1.9524 1.9524 1.9524 1.9524 1.9524 1.9524 1.9524 1.9524 1.9524 1.9524 1.9524 1.9524 1.9524 1.9524 1.9524 1.9524 0 0 0 0 0 0 0 0 0 0 0 0 0 0 0 0 0 0 0 0 0 0 0 0 0 0 0 0 0 0 0 0 0 0 0 0 0 0 0 0 0 0 0 0 0 0 0 0 0 0 0 0 0 0 0 0 0 0 0 0 0 0 0 0 0 0 0 0 0 0 0 0 0 0 0 0 0 0 0 0 0 0 0 0 0 0 0 0 0 0 0 0 0 0 0 0 0 0 0 0 0 0 0 0 0 0 0 0 0 0 0 0 0 0 0 0 0 0 0 0 0 0 0 0 0 0 0 0 0 0 0 0 0 0 0
0 0 0 0 0 0 0 0 0 0 0 0 0 0 0 11.429 11.429 11.429 11.429 11.429 1.9524 1.9524 1.9524 1.9524 1.9524 1.9524 1.9524 1.9524 1.9524 1.9524 1.9524 1.9524 1.9524 1.9524 1.9524 1.9524 1.9524 1.9524 1.9524 1.9524 1.9524 1.9524 1.9524 1.9524 1.9524 1.9524 1.9524 1.9524 1.9524 1.9524 0 0 0 0 0 0 0 0 0 0 0 0 0 0 0 0 0 0 0 0 0 0 0 0 0 0 0 0 0 0 0 0 0 0 0 0 0 0 0 0 0 0 0 0 0 0 0 0 0 0 0 0 0 0 0 0 0 0 0 0 0 0 0 0 0 0 0 0 0 0 0 0 0 0 0 0 0 0 0 0 0 0 0 0 0 0 0 0 0 0 0 0 0 0 0 0 0 0 0 0 0 0 0 0 0 0 0 0 0 0 0 0 0 0 0 0 0 0 0 0 0 0 0 0 0 0 0 0 0 0 0 0 0 0 0
0 0 0 0 0 0 0 0 0 0 0 0 0 0 0 11.429 11.429 11.429 11.429 11.429 1.9524 1.9524 1.9524 1.9524 1.9524 1.9524 1.9524 1.9524 1.9524 1.9524 1.9524 1.9524 1.9524 1.9524 1.9524 1.9524 1.9524 1.9524 1.9524 1.9524 1.9524 1.9524 1.9524 1.9524 1.9524 1.9524 1.9524 1.9524 1.9524 1.9524 0 0 0 0 0 0 0 0 0 0 0 0 0 0 0 0 0 0 0 0 0 0 0 0 0 0 0 0 0 0 0 0 0 0 0 0 0 0 0 0 0 0 0 0 0 0 0 0 0 0 0 0 0 0 0 0 0 0 0 0 0 0 0 0 0 0 0 0 0 0 0 0 0 0 0 0 0 0 0 0 0 0 0 0 0 0 0 0 0 0 0 0 0 0 0 0 0 0 0 0 0 0 0 0 0 0 0 0 0 0 0 0 0 0 0 0 0 0 0 0 0 0 0 0 0 0 0 0 0 0 0 0 0 0 0
0 0 0 0 0 0 0 0 0 0 0 0 0 0 0 11.429 11.429 11.429 11.429 11.429 1.9524 1.9524 1.9524 1.9524 1.9524 1.9524 1.9524 1.9524 1.9524 1.9524 1.9524 1.9524 1.9524 1.9524 1.9524 1.9524 1.9524 1.9524 1.9524 1.9524 1.9524 1.9524 1.9524 1.9524 1.9524 1.9524 1.9524 1.9524 1.9524 1.9524 0 0 0 0 0 0 0 0 0 0 0 0 0 0 0 0 0 0 0 0 0 0 0 0 0 0 0 0 0 0 0 0 0 0 0 0 0 0 0 0 0 0 0 0 0 0 0 0 0 0 0 0 0 0 0 0 0 0 0 0 0 0 0 0 0 0 0 0 0 0 0 0 0 0 0 0 0 0 0 0 0 0 0 0 0 0 0 0 0 0 0 0 0 0 0 0 0 0 0 0 0 0 0 0 0 0 0 0 0 0 0 0 0 0 0 0 0 0 0 0 0 0 0 0 0 0 0 0 0 0 0 0 0 0 0
0 0 0 0 0 0 0 0 0 0 0 0 0 0 0 11.429 11.429 11.429 11.429 11.429 1.9524 1.9524 1.9524 1.9524 1.9524 1.9524 1.9524 1.9524 1.9524 1.9524 1.9524 1.9524 1.9524 1.9524 1.9524 1.9524 1.9524 1.9524 1.9524 1.9524 1.9524 1.9524 1.9524 1.9524 1.9524 1.9524 1.9524 1.9524 1.9524 1.9524 0 0 0 0 0 0 0 0 0 0 0 0 0 0 0 0 0 0 0 0 0 0 0 0 0 0 0 0 0 0 0 0 0 0 0 0 0 0 0 0 0 0 0 0 0 0 0 0 0 0 0 0 0 0 0 0 0 0 0 0 0 0 0 0 0 0 0 0 0 0 0 0 0 0 0 0 0 0 0 0 0 0 0 0 0 0 0 0 0 0 0 0 0 0 0 0 0 0 0 0 0 0 0 0 0 0 0 0 0 0 0 0 0 0 0 0 0 0 0 0 0 0 0 0 0 0 0 0 0 0 0 0 0 0 0
0 0 0 0 0 0 0 0 0 0 0 0 0 0 0 11.429 11.429 11.429 11.429 11.429 1.9524 1.9524 1.9524 1.9524 1.9524 1.9524 1.9524 1.9524 1.9524 1.9524 1.9524 1.9524 1.9524 1.9524 1.9524 1.9524 1.9524 1.9524 1.9524 1.9524 1.9524 1.9524 1.9524 1.9524 1.9524 1.9524 1.9524 1.9524 1.9524 1.9524 0 0 0 0 0 0 0 0 0 0 0 0 0 0 0 0 0 0 0 0 0 0 0 0 0 0 0 0 0 0 0 0 0 0 0 0 0 0 0 0 0 0 0 0 0 0 0 0 0 0 0 0 0 0 0 0 0 0 0 0 0 0 0 0 0 0 0 0 0 0 0 0 0 0 0 0 0 0 0 0 0 0 0 0 0 0 0 0 0 0 0 0 0 0 0 0 0 0 0 0 0 0 0 0 0 0 0 0 0 0 0 0 0 0 0 0 0 0 0 0 0 0 0 0 0 0 0 0 0 0 0 0 0 0 0
0 0 0 0 0 0 0 0 0 0 0 0 0 0 0 11.429 11.429 11.429 11.429 11.429 1.9524 1.9524 1.9524 1.9524 1.9524 1.9524 1.9524 1.9524 1.9524 1.9524 1.9524 1.9524 1.9524 1.9524 1.9524 1.9524 1.9524 1.9524 1.9524 1.9524 1.9524 1.9524 1.9524 1.9524 1.9524 1.9524 1.9524 1.9524 1.9524 1.9524 0 0 0 0 0 0 0 0 0 0 0 0 0 0 0 0 0 0 0 0 0 0 0 0 0 0 0 0 0 0 0 0 0 0 0 0 0 0 0 0 0 0 0 0 0 0 0 0 0 0 0 0 0 0 0 0 0 0 0 0 0 0 0 0 0 0 0 0 0 0 0 0 0 0 0 0 0 0 0 0 0 0 0 0 0 0 0 0 0 0 0 0 0 0 0 0 0 0 0 0 0 0 0 0 0 0 0 0 0 0 0 0 0 0 0 0 0 0 0 0 0 0 0 0 0 0 0 0 0 0 0 0 0 0 0
0 0 0 0 0 0 0 0 0 0 0 0 0 0 0 11.429 11.429 11.429 11.429 11.429 1.9524 1.9524 1.9524 1.9524 1.9524 1.9524 1.9524 1.9524 1.9524 1.9524 1.9524 1.9524 1.9524 1.9524 1.9524 1.9524 1.9524 1.9524 1.9524 1.9524 1.9524 1.9524 1.9524 1.9524 1.9524 1.9524 1.9524 1.9524 1.9524 1.9524 0 0 0 0 0 0 0 0 0 0 0 0 0 0 0 0 0 0 0 0 0 0 0 0 0 0 0 0 0 0 0 0 0 0 0 0 0 0 0 0 0 0 0 0 0 0 0 0 0 0 0 0 0 0 0 0 0 0 0 0 0 0 0 0 0 0 0 0 0 0 0 0 0 0 0 0 0 0 0 0 0 0 0 0 0 0 0 0 0 0 0 0 0 0 0 0 0 0 0 0 0 0 0 0 0 0 0 0 0 0 0 0 0 0 0 0 0 0 0 0 0 0 0 0 0 0 0 0 0 0 0 0 0 0 0
0 0 0 0 0 0 0 0 0 0 0 0 0 0 0 11.429 11.429 11.429 11.429 11.429 1.9524 1.9524 1.9524 1.9524 1.9524 1.9524 1.9524 1.9524 1.9524 1.9524 1.9524 1.9524 1.9524 1.9524 1.9524 1.9524 1.9524 1.9524 1.9524 1.9524 1.9524 1.9524 1.9524 1.9524 1.9524 1.9524 1.9524 1.9524 1.9524 1.9524 0 0 0 0 0 0 0 0 0 0 0 0 0 0 0 0 0 0 0 0 0 0 0 0 0 0 0 0 0 0 0 0 0 0 0 0 0 0 0 0 0 0 0 0 0 0 0 0 0 0 0 0 0 0 0 0 0 0 0 0 0 0 0 0 0 0 0 0 0 0 0 0 0 0 0 0 0 0 0 0 0 0 0 0 0 0 0 0 0 0 0 0 0 0 0 0 0 0 0 0 0 0 0 0 0 0 0 0 0 0 0 0 0 0 0 0 0 0 0 0 0 0 0 0 0 0 0 0 0 0 0 0 0 0 0
0 0 0 0 0 0 0 0 0 0 0 0 0 0 0 11.429 11.429 11.429 11.429 11.429 1.9524 1.9524 1.9524 1.9524 1.9524 1.9524 1.9524 1.9524 1.9524 1.9524 1.9524 1.9524 1.9524 1.9524 1.9524 1.9524 1.9524 1.9524 1.9524 1.9524 1.9524 1.9524 1.9524 1.9524 1.9524 1.9524 1.9524 1.9524 1.9524 1.9524 0 0 0 0 0 0 0 0 0 0 0 0 0 0 0 0 0 0 0 0 0 0 0 0 0 0 0 0 0 0 0 0 0 0 0 0 0 0 0 0 0 0 0 0 0 0 0 0 0 0 0 0 0 0 0 0 0 0 0 0 0 0 0 0 0 0 0 0 0 0 0 0 0 0 0 0 0 0 0 0 0 0 0 0 0 0 0 0 0 0 0 0 0 0 0 0 0 0 0 0 0 0 0 0 0 0 0 0 0 0 0 0 0 0 0 0 0 0 0 0 0 0 0 0 0 0 0 0 0 0 0 0 0 0 0
0 0 0 0 0 0 0 0 0 0 0 0 0 0 0 11.429 11.429 11.429 11.429 11.429 1.9524 1.9524 1.9524 1.9524 1.9524 1.9524 1.9524 1.9524 1.9524 1.9524 1.9524 1.9524 1.9524 1.9524 1.9524 1.9524 1.9524 1.9524 1.9524 1.9524 1.9524 1.9524 1.9524 1.9524 1.9524 1.9524 1.9524 1.9524 1.9524 1.9524 0 0 0 0 0 0 0 0 0 0 0 0 0 0 0 0 0 0 0 0 0 0 0 0 0 0 0 0 0 0 0 0 0 0 0 0 0 0 0 0 0 0 0 0 0 0 0 0 0 0 0 0 0 0 0 0 0 0 0 0 0 0 0 0 0 0 0 0 0 0 0 0 0 0 0 0 0 0 0 0 0 0 0 0 0 0 0 0 0 0 0 0 0 0 0 0 0 0 0 0 0 0 0 0 0 0 0 0 0 0 0 0 0 0 0 0 0 0 0 0 0 0 0 0 0 0 0 0 0 0 0 0 0 0 0
0 0 0 0 0 0 0 0 0 0 0 0 0 0 0 11.429 11.429 11.429 11.429 11.429 1.9524 1.9524 1.9524 1.9524 1.9524 1.9524 1.9524 1.9524 1.9524 1.9524 1.9524 1.9524 1.9524 1.9524 1.9524 1.9524 1.9524 1.9524 1.9524 1.9524 1.9524 1.9524 1.9524 1.9524 1.9524 1.9524 1.9524 1.9524 1.9524 1.9524 0 0 0 0 0 0 0 0 0 0 0 0 0 0 0 0 0 0 0 0 0 0 0 0 0 0 0 0 0 0 0 0 0 0 0 0 0 0 0 0 0 0 0 0 0 0 0 0 0 0 0 0 0 0 0 0 0 0 0 0 0 0 0 0 0 0 0 0 0 0 0 0 0 0 0 0 0 0 0 0 0 0 0 0 0 0 0 0 0 0 0 0 0 0 0 0 0 0 0 0 0 0 0 0 0 0 0 0 0 0 0 0 0 0 0 0 0 0 0 0 0 0 0 0 0 0 0 0 0 0 0 0 0 0 0
0 0 0 0 0 0 0 0 0 0 0 0 0 0 0 11.429 11.429 11.429 11.429 11.429 1.9524 1.9524 1.9524 1.9524 1.9524 1.9524 1.9524 1.9524 1.9524 1.9524 1.9524 1.9524 1.9524 1.9524 1.9524 1.9524 1.9524 1.9524 1.9524 1.9524 1.9524 1.9524 1.9524 1.9524 1.9524 1.9524 1.9524 1.9524 1.9524 1.9524 0 0 0 0 0 0 0 0 0 0 0 0 0 0 0 0 0 0 0 0 0 0 0 0 0 0 0 0 0 0 0 0 0 0 0 0 0 0 0 0 0 0 0 0 0 0 0 0 0 0 0 0 0 0 0 0 0 0 0 0 0 0 0 0 0 0 0 0 0 0 0 0 0 0 0 0 0 0 0 0 0 0 0 0 0 0 0 0 0 0 0 0 0 0 0 0 0 0 0 0 0 0 0 0 0 0 0 0 0 0 0 0 0 0 0 0 0 0 0 0 0 0 0 0 0 0 0 0 0 0 0 0 0 0 0
0 0 0 0 0 0 0 0 0 0 0 0 0 0 0 11.429 11.429 11.429 11.429 11.429 1.9524 1.9524 1.9524 1.9524 1.9524 1.9524 1.9524 1.9524 1.9524 1.9524 1.9524 1.9524 1.9524 1.9524 1.9524 1.9524 1.9524 1.9524 1.9524 1.9524 1.9524 1.9524 1.9524 1.9524 1.9524 1.9524 1.9524 1.9524 1.9524 1.9524 0 0 0 0 0 0 0 0 0 0 0 0 0 0 0 0 0 0 0 0 0 0 0 0 0 0 0 0 0 0 0 0 0 0 0 0 0 0 0 0 0 0 0 0 0 0 0 0 0 0 0 0 0 0 0 0 0 0 0 0 0 0 0 0 0 0 0 0 0 0 0 0 0 0 0 0 0 0 0 0 0 0 0 0 0 0 0 0 0 0 0 0 0 0 0 0 0 0 0 0 0 0 0 0 0 0 0 0 0 0 0 0 0 0 0 0 0 0 0 0 0 0 0 0 0 0 0 0 0 0 0 0 0 0 0
0 0 0 0 0 0 0 0 0 0 0 0 0 0 0 11.429 11.429 11.429 11.429 11.429 1.9524 1.9524 1.9524 1.9524 1.9524 1.9524 1.9524 1.9524 1.9524 1.9524 1.9524 1.9524 1.9524 1.9524 1.9524 1.9524 1.9524 1.9524 1.9524 1.9524 1.9524 1.9524 1.9524 1.9524 1.9524 1.9524 1.9524 1.9524 1.9524 1.9524 0 0 0 0 0 0 0 0 0 0 0 0 0 0 0 0 0 0 0 0 0 0 0 0 0 0 0 0 0 0 0 0 0 0 0 0 0 0 0 0 0 0 0 0 0 0 0 0 0 0 0 0 0 0 0 0 0 0 0 0 0 0 0 0 0 0 0 0 0 0 0 0 0 0 0 0 0 0 0 0 0 0 0 0 0 0 0 0 0 0 0 0 0 0 0 0 0 0 0 0 0 0 0 0 0 0 0 0 0 0 0 0 0 0 0 0 0 0 0 0 0 0 0 0 0 0 0 0 0 0 0 0 0 0 0
0 0 0 0 0 0 0 0 0 0 0 0 0 0 0 11.429 11.429 11.429 11.429 11.429 1.9524 1.9524 1.9524 1.9524 1.9524 1.9524 1.9524 1.9524 1.9524 1.9524 1.9524 1.9524 1.9524 1.9524 1.9524 1.9524 1.9524 1.9524 1.9524 1.9524 1.9524 1.9524 1.9524 1.9524 1.9524 1.9524 1.9524 1.9524 1.9524 1.9524 0 0 0 0 0 0 0 0 0 0 0 0 0 0 0 0 0 0 0 0 0 0 0 0 0 0 0 0 0 0 0 0 0 0 0 0 0 0 0 0 0 0 0 0 0 0 0 0 0 0 0 0 0 0 0 0 0 0 0 0 0 0 0 0 0 0 0 0 0 0 0 0 0 0 0 0 0 0 0 0 0 0 0 0 0 0 0 0 0 0 0 0 0 0 0 0 0 0 0 0 0 0 0 0 0 0 0 0 0 0 0 0 0 0 0 0 0 0 0 0 0 0 0 0 0 0 0 0 0 0 0 0 0 0 0
0 0 0 0 0 0 0 0 0 0 0 0 0 0 0 11.429 11.429 11.429 11.429 11.429 1.9524 1.9524 1.9524 1.9524 1.9524 1.9524 1.9524 1.9524 1.9524 1.9524 1.9524 1.9524 1.9524 1.9524 1.9524 1.9524 1.9524 1.9524 1.9524 1.9524 1.9524 1.9524 1.9524 1.9524 1.9524 1.9524 1.9524 1.9524 1.9524 1.9524 0 0 0 0 0 0 0 0 0 0 0 0 0 0 0 0 0 0 0 0 0 0 0 0 0 0 0 0 0 0 0 0 0 0 0 0 0 0 0 0 0 0 0 0 0 0 0 0 0 0 0 0 0 0 0 0 0 0 0 0 0 0 0 0 0 0 0 0 0 0 0 0 0 0 0 0 0 0 0 0 0 0 0 0 0 0 0 0 0 0 0 0 0 0 0 0 0 0 0 0 0 0 0 0 0 0 0 0 0 0 0 0 0 0 0 0 0 0 0 0 0 0 0 0 0 0 0 0 0 0 0 0 0 0 0
0 0 0 0 0 0 0 0 0 0 0 0 0 0 0 11.429 11.429 11.429 11.429 11.429 1.9524 1.9524 1.9524 1.9524 1.9524 1.9524 1.9524 1.9524 1.9524 1.9524 1.9524 1.9524 1.9524 1.9524 1.9524 1.9524 1.9524 1.9524 1.9524 1.9524 1.9524 1.9524 1.9524 1.9524 1.9524 1.9524 1.9524 1.9524 1.9524 1.9524 0 0 0 0 0 0 0 0 0 0 0 0 0 0 0 0 0 0 0 0 0 0 0 0 0 0 0 0 0 0 0 0 0 0 0 0 0 0 0 0 0 0 0 0 0 0 0 0 0 0 0 0 0 0 0 0 0 0 0 0 0 0 0 0 0 0 0 0 0 0 0 0 0 0 0 0 0 0 0 0 0 0 0 0 0 0 0 0 0 0 0 0 0 0 0 0 0 0 0 0 0 0 0 0 0 0 0 0 0 0 0 0 0 0 0 0 0 0 0 0 0 0 0 0 0 0 0 0 0 0 0 0 0 0 0
0 0 0 0 0 0 0 0 0 0 0 0 0 0 0 11.429 11.429 11.429 11.429 11.429 1.9524 1.9524 1.9524 1.9524 1.9524 1.9524 1.9524 1.9524 1.9524 1.9524 1.9524 1.9524 1.9524 1.9524 1.9524 1.9524 1.9524 1.9524 1.9524 1.9524 1.9524 1.9524 1.9524 1.9524 1.9524 1.9524 1.9524 1.9524 1.9524 1.9524 0 0 0 0 0 0 0 0 0 0 0 0 0 0 0 0 0 0 0 0 0 0 0 0 0 0 0 0 0 0 0 0 0 0 0 0 0 0 0 0 0 0 0 0 0 0 0 0 0 0 0 0 0 0 0 0 0 0 0 0 0 0 0 0 0 0 0 0 0 0 0 0 0 0 0 0 0 0 0 0 0 0 0 0 0 0 0 0 0 0 0 0 0 0 0 0 0 0 0 0 0 0 0 0 0 0 0 0 0 0 0 0 0 0 0 0 0 0 0 0 0 0 0 0 0 0 0 0 0 0 0 0 0 0 0
0 0 0 0 0 0 0 0 0 0 0 0 0 0 0 11.429 11.429 11.429 11.429 11.429 1.9524 1.9524 1.9524 1.9524 1.9524 1.9524 1.9524 1.9524 1.9524 1.9524 1.9524 1.9524 1.9524 1.9524 1.9524 1.9524 1.9524 1.9524 1.9524 1.9524 1.9524 1.9524 1.9524 1.9524 1.9524 1.9524 1.9524 1.9524 1.9524 1.9524 0 0 0 0 0 0 0 0 0 0 0 0 0 0 0 0 0 0 0 0 0 0 0 0 0 0 0 0 0 0 0 0 0 0 0 0 0 0 0 0 0 0 0 0 0 0 0 0 0 0 0 0 0 0 0 0 0 0 0 0 0 0 0 0 0 0 0 0 0 0 0 0 0 0 0 0 0 0 0 0 0 0 0 0 0 0 0 0 0 0 0 0 0 0 0 0 0 0 0 0 0 0 0 0 0 0 0 0 0 0 0 0 0 0 0 0 0 0 0 0 0 0 0 0 0 0 0 0 0 0 0 0 0 0 0
0 0 0 0 0 0 0 0 0 0 0 0 0 0 0 11.429 11.429 11.429 11.429 11.429 1.9524 1.9524 1.9524 1.9524 1.9524 1.9524 1.9524 1.9524 1.9524 1.9524 1.9524 1.9524 1.9524 1.9524 1.9524 1.9524 1.9524 1.9524 1.9524 1.9524 1.9524 1.9524 1.9524 1.9524 1.9524 1.9524 1.9524 1.9524 1.9524 1.9524 0 0 0 0 0 0 0 0 0 0 0 0 0 0 0 0 0 0 0 0 0 0 0 0 0 0 0 0 0 0 0 0 0 0 0 0 0 0 0 0 0 0 0 0 0 0 0 0 0 0 0 0 0 0 0 0 0 0 0 0 0 0 0 0 0 0 0 0 0 0 0 0 0 0 0 0 0 0 0 0 0 0 0 0 0 0 0 0 0 0 0 0 0 0 0 0 0 0 0 0 0 0 0 0 0 0 0 0 0 0 0 0 0 0 0 0 0 0 0 0 0 0 0 0 0 0 0 0 0 0 0 0 0 0 0
0 0 0 0 0 0 0 0 0 0 0 0 0 0 0 11.429 11.429 11.429 11.429 11.429 1.9524 1.9524 1.9524 1.9524 1.9524 1.9524 1.9524 1.9524 1.9524 1.9524 1.9524 1.9524 1.9524 1.9524 1.9524 1.9524 1.9524 1.9524 1.9524 1.9524 1.9524 1.9524 1.9524 1.9524 1.9524 1.9524 1.9524 1.9524 1.9524 1.9524 0 0 0 0 0 0 0 0 0 0 0 0 0 0 0 0 0 0 0 0 0 0 0 0 0 0 0 0 0 0 0 0 0 0 0 0 0 0 0 0 0 0 0 0 0 0 0 0 0 0 0 0 0 0 0 0 0 0 0 0 0 0 0 0 0 0 0 0 0 0 0 0 0 0 0 0 0 0 0 0 0 0 0 0 0 0 0 0 0 0 0 0 0 0 0 0 0 0 0 0 0 0 0 0 0 0 0 0 0 0 0 0 0 0 0 0 0 0 0 0 0 0 0 0 0 0 0 0 0 0 0 0 0 0 0
0 0 0 0 0 0 0 0 0 0 0 0 0 0 0 11.429 11.429 11.429 11.429 11.429 1.9524 1.9524 1.9524 1.9524 1.9524 1.9524 1.9524 1.9524 1.9524 1.9524 1.9524 1.9524 1.9524 1.9524 1.9524 1.9524 1.9524 1.9524 1.9524 1.9524 1.9524 1.9524 1.9524 1.9524 1.9524 1.9524 1.9524 1.9524 1.9524 1.9524 0 0 0 0 0 0 0 0 0 0 0 0 0 0 0 0 0 0 0 0 0 0 0 0 0 0 0 0 0 0 0 0 0 0 0 0 0 0 0 0 0 0 0 0 0 0 0 0 0 0 0 0 0 0 0 0 0 0 0 0 0 0 0 0 0 0 0 0 0 0 0 0 0 0 0 0 0 0 0 0 0 0 0 0 0 0 0 0 0 0 0 0 0 0 0 0 0 0 0 0 0 0 0 0 0 0 0 0 0 0 0 0 0 0 0 0 0 0 0 0 0 0 0 0 0 0 0 0 0 0 0 0 0 0 0
0 0 0 0 0 0 0 0 0 0 0 0 0 0 0 11.429 11.429 11.429 11.429 11.429 1.9524 1.9524 1.9524 1.9524 1.9524 1.9524 1.9524 1.9524 1.9524 1.9524 1.9524 1.9524 1.9524 1.9524 1.9524 1.9524 1.9524 1.9524 1.9524 1.9524 1.9524 1.9524 1.9524 1.9524 1.9524 1.9524 1.9524 1.9524 1.9524 1.9524 0 0 0 0 0 0 0 0 0 0 0 0 0 0 0 0 0 0 0 0 0 0 0 0 0 0 0 0 0 0 0 0 0 0 0 0 0 0 0 0 0 0 0 0 0 0 0 0 0 0 0 0 0 0 0 0 0 0 0 0 0 0 0 0 0 0 0 0 0 0 0 0 0 0 0 0 0 0 0 0 0 0 0 0 0 0 0 0 0 0 0 0 0 0 0 0 0 0 0 0 0 0 0 0 0 0 0 0 0 0 0 0 0 0 0 0 0 0 0 0 0 0 0 0 0 0 0 0 0 0 0 0 0 0 0
0 0 0 0 0 0 0 0 0 0 0 0 0 0 0 11.429 11.429 11.429 11.429 11.429 1.9524 1.9524 1.9524 1.9524 1.9524 1.9524 1.9524 1.9524 1.9524 1.9524 1.9524 1.9524 1.9524 1.9524 1.9524 1.9524 1.9524 1.9524 1.9524 1.9524 1.9524 1.9524 1.9524 1.9524 1.9524 1.9524 1.9524 1.9524 1.9524 1.9524 0 0 0 0 0 0 0 0 0 0 0 0 0 0 0 0 0 0 0 0 0 0 0 0 0 0 0 0 0 0 0 0 0 0 0 0 0 0 0 0 0 0 0 0 0 0 0 0 0 0 0 0 0 0 0 0 0 0 0 0 0 0 0 0 0 0 0 0 0 0 0 0 0 0 0 0 0 0 0 0 0 0 0 0 0 0 0 0 0 0 0 0 0 0 0 0 0 0 0 0 0 0 0 0 0 0 0 0 0 0 0 0 0 0 0 0 0 0 0 0 0 0 0 0 0 0 0 0 0 0 0 0 0 0 0
0 0 0 0 0 0 0 0 0 0 0 0 0 0 0 11.429 11.429 11.429 11.429 11.429 1.9524 1.9524 1.9524 1.9524 1.9524 1.9524 1.9524 1.9524 1.9524 1.9524 1.9524 1.9524 1.9524 1.9524 1.9524 1.9524 1.9524 1.9524 1.9524 1.9524 1.9524 1.9524 1.9524 1.9524 1.9524 1.9524 1.9524 1.9524 1.9524 1.9524 0 0 0 0 0 0 0 0 0 0 0 0 0 0 0 0 0 0 0 0 0 0 0 0 0 0 0 0 0 0 0 0 0 0 0 0 0 0 0 0 0 0 0 0 0 0 0 0 0 0 0 0 0 0 0 0 0 0 0 0 0 0 0 0 0 0 0 0 0 0 0 0 0 0 0 0 0 0 0 0 0 0 0 0 0 0 0 0 0 0 0 0 0 0 0 0 0 0 0 0 0 0 0 0 0 0 0 0 0 0 0 0 0 0 0 0 0 0 0 0 0 0 0 0 0 0 0 0 0 0 0 0 0 0 0
0 0 0 0 0 0 0 0 0 0 0 0 0 0 0 11.429 11.429 11.429 11.429 11.429 1.9524 1.9524 1.9524 1.9524 1.9524 1.9524 1.9524 1.9524 1.9524 1.9524 1.9524 1.9524 1.9524 1.9524 1.9524 1.9524 1.9524 1.9524 1.9524 1.9524 1.9524 1.9524 1.9524 1.9524 1.9524 1.9524 1.9524 1.9524 1.9524 1.9524 0 0 0 0 0 0 0 0 0 0 0 0 0 0 0 0 0 0 0 0 0 0 0 0 0 0 0 0 0 0 0 0 0 0 0 0 0 0 0 0 0 0 0 0 0 0 0 0 0 0 0 0 0 0 0 0 0 0 0 0 0 0 0 0 0 0 0 0 0 0 0 0 0 0 0 0 0 0 0 0 0 0 0 0 0 0 0 0 0 0 0 0 0 0 0 0 0 0 0 0 0 0 0 0 0 0 0 0 0 0 0 0 0 0 0 0 0 0 0 0 0 0 0 0 0 0 0 0 0 0 0 0 0 0 0
0 0 0 0 0 0 0 0 0 0 0 0 0 0 0 11.429 11.429 11.429 11.429 11.429 1.9524 1.9524 1.9524 1.9524 1.9524 1.9524 1.9524 1.9524 1.9524 1.9524 1.9524 1.9524 1.9524 1.9524 1.9524 1.9524 1.9524 1.9524 1.9524 1.9524 1.9524 1.9524 1.9524 1.9524 1.9524 1.9524 1.9524 1.9524 1.9524 1.9524 0 0 0 0 0 0 0 0 0 0 0 0 0 0 0 0 0 0 0 0 0 0 0 0 0 0 0 0 0 0 0 0 0 0 0 0 0 0 0 0 0 0 0 0 0 0 0 0 0 0 0 0 0 0 0 0 0 0 0 0 0 0 0 0 0 0 0 0 0 0 0 0 0 0 0 0 0 0 0 0 0 0 0 0 0 0 0 0 0 0 0 0 0 0 0 0 0 0 0 0 0 0 0 0 0 0 0 0 0 0 0 0 0 0 0 0 0 0 0 0 0 0 0 0 0 0 0 0 0 0 0 0 0 0 0
0 0 0 0 0 0 0 0 0 0 0 0 0 0 0 11.429 11.429 11.429 11.429 11.429 1.9524 1.9524 1.9524 1.9524 1.9524 1.9524 1.9524 1.9524 1.9524 1.9524 1.9524 1.9524 1.9524 1.9524 1.9524 1.9524 1.9524 1.9524 1.9524 1.9524 1.9524 1.9524 1.9524 1.9524 1.9524 1.9524 1.9524 1.9524 1.9524 1.9524 0 0 0 0 0 0 0 0 0 0 0 0 0 0 0 0 0 0 0 0 0 0 0 0 0 0 0 0 0 0 0 0 0 0 0 0 0 0 0 0 0 0 0 0 0 0 0 0 0 0 0 0 0 0 0 0 0 0 0 0 0 0 0 0 0 0 0 0 0 0 0 0 0 0 0 0 0 0 0 0 0 0 0 0 0 0 0 0 0 0 0 0 0 0 0 0 0 0 0 0 0 0 0 0 0 0 0 0 0 0 0 0 0 0 0 0 0 0 0 0 0 0 0 0 0 0 0 0 0 0 0 0 0 0 0
0 0 0 0 0 0 0 0 0 0 0 0 0 0 0 11.429 11.429 11.429 11.429 11.429 1.9524 1.9524 1.9524 1.9524 1.9524 1.9524 1.9524 1.9524 1.9524 1.9524 1.9524 1.9524 1.9524 1.9524 1.9524 1.9524 1.9524 1.9524 1.9524 1.9524 1.9524 1.9524 1.9524 1.9524 1.9524 1.9524 1.9524 1.9524 1.9524 1.9524 0 0 0 0 0 0 0 0 0 0 0 0 0 0 0 0 0 0 0 0 0 0 0 0 0 0 0 0 0 0 0 0 0 0 0 0 0 0 0 0 0 0 0 0 0 0 0 0 0 0 0 0 0 0 0 0 0 0 0 0 0 0 0 0 0 0 0 0 0 0 0 0 0 0 0 0 0 0 0 0 0 0 0 0 0 0 0 0 0 0 0 0 0 0 0 0 0 0 0 0 0 0 0 0 0 0 0 0 0 0 0 0 0 0 0 0 0 0 0 0 0 0 0 0 0 0 0 0 0 0 0 0 0 0 0
0 0 0 0 0 0 0 0 0 0 0 0 0 0 0 11.429 11.429 11.429 11.429 11.429 1.9524 1.9524 1.9524 1.9524 1.9524 1.9524 1.9524 1.9524 1.9524 1.9524 1.9524 1.9524 1.9524 1.9524 1.9524 1.9524 1.9524 1.9524 1.9524 1.9524 1.9524 1.9524 1.9524 1.9524 1.9524 1.9524 1.9524 1.9524 1.9524 1.9524 0 0 0 0 0 0 0 0 0 0 0 0 0 0 0 0 0 0 0 0 0 0 0 0 0 0 0 0 0 0 0 0 0 0 0 0 0 0 0 0 0 0 0 0 0 0 0 0 0 0 0 0 0 0 0 0 0 0 0 0 0 0 0 0 0 0 0 0 0 0 0 0 0 0 0 0 0 0 0 0 0 0 0 0 0 0 0 0 0 0 0 0 0 0 0 0 0 0 0 0 0 0 0 0 0 0 0 0 0 0 0 0 0 0 0 0 0 0 0 0 0 0 0 0 0 0 0 0 0 0 0 0 0 0 0
0 0 0 0 0 0 0 0 0 0 0 0 0 0 0 11.429 11.429 11.429 11.429 11.429 1.9524 1.9524 1.9524 1.9524 1.9524 1.9524 1.9524 1.9524 1.9524 1.9524 1.9524 1.9524 1.9524 1.9524 1.9524 1.9524 1.9524 1.9524 1.9524 1.9524 1.9524 1.9524 1.9524 1.9524 1.9524 1.9524 1.9524 1.9524 1.9524 1.9524 0 0 0 0 0 0 0 0 0 0 0 0 0 0 0 0 0 0 0 0 0 0 0 0 0 0 0 0 0 0 0 0 0 0 0 0 0 0 0 0 0 0 0 0 0 0 0 0 0 0 0 0 0 0 0 0 0 0 0 0 0 0 0 0 0 0 0 0 0 0 0 0 0 0 0 0 0 0 0 0 0 0 0 0 0 0 0 0 0 0 0 0 0 0 0 0 0 0 0 0 0 0 0 0 0 0 0 0 0 0 0 0 0 0 0 0 0 0 0 0 0 0 0 0 0 0 0 0 0 0 0 0 0 0 0
0 0 0 0 0 0 0 0 0 0 0 0 0 0 0 11.429 11.429 11.429 11.429 11.429 1.9524 1.9524 1.9524 1.9524 1.9524 1.9524 1.9524 1.9524 1.9524 1.9524 1.9524 1.9524 1.9524 1.9524 1.9524 1.9524 1.9524 1.9524 1.9524 1.9524 1.9524 1.9524 1.9524 1.9524 1.9524 1.9524 1.9524 1.9524 1.9524 1.9524 0 0 0 0 0 0 0 0 0 0 0 0 0 0 0 0 0 0 0 0 0 0 0 0 0 0 0 0 0 0 0 0 0 0 0 0 0 0 0 0 0 0 0 0 0 0 0 0 0 0 0 0 0 0 0 0 0 0 0 0 0 0 0 0 0 0 0 0 0 0 0 0 0 0 0 0 0 0 0 0 0 0 0 0 0 0 0 0 0 0 0 0 0 0 0 0 0 0 0 0 0 0 0 0 0 0 0 0 0 0 0 0 0 0 0 0 0 0 0 0 0 0 0 0 0 0 0 0 0 0 0 0 0 0 0
0 0 0 0 0 0 0 0 0 0 0 0 0 0 0 11.429 11.429 11.429 11.429 11.429 1.9524 1.9524 1.9524 1.9524 1.9524 1.9524 1.9524 1.9524 1.9524 1.9524 1.9524 1.9524 1.9524 1.9524 1.9524 1.9524 1.9524 1.9524 1.9524 1.9524 1.9524 1.9524 1.9524 1.9524 1.9524 1.9524 1.9524 1.9524 1.9524 1.9524 0 0 0 0 0 0 0 0 0 0 0 0 0 0 0 0 0 0 0 0 0 0 0 0 0 0 0 0 0 0 0 0 0 0 0 0 0 0 0 0 0 0 0 0 0 0 0 0 0 0 0 0 0 0 0 0 0 0 0 0 0 0 0 0 0 0 0 0 0 0 0 0 0 0 0 0 0 0 0 0 0 0 0 0 0 0 0 0 0 0 0 0 0 0 0 0 0 0 0 0 0 0 0 0 0 0 0 0 0 0 0 0 0 0 0 0 0 0 0 0 0 0 0 0 0 0 0 0 0 0 0 0 0 0 0
0 0 0 0 0 0 0 0 0 0 0 0 0 0 0 11.429 11.429 11.429 11.429 11.429 1.9524 1.9524 1.9524 1.9524 1.9524 1.9524 1.9524 1.9524 1.9524 1.9524 1.9524 1.9524 1.9524 1.9524 1.9524 1.9524 1.9524 1.9524 1.9524 1.9524 1.9524 1.9524 1.9524 1.9524 1.9524 1.9524 1.9524 1.9524 1.9524 1.9524 0 0 0 0 0 0 0 0 0 0 0 0 0 0 0 0 0 0 0 0 0 0 0 0 0 0 0 0 0 0 0 0 0 0 0 0 0 0 0 0 0 0 0 0 0 0 0 0 0 0 0 0 0 0 0 0 0 0 0 0 0 0 0 0 0 0 0 0 0 0 0 0 0 0 0 0 0 0 0 0 0 0 0 0 0 0 0 0 0 0 0 0 0 0 0 0 0 0 0 0 0 0 0 0 0 0 0 0 0 0 0 0 0 0 0 0 0 0 0 0 0 0 0 0 0 0 0 0 0 0 0 0 0 0 0
0 0 0 0 0 0 0 0 0 0 0 0 0 0 0 11.429 11.429 11.429 11.429 11.429 1.9524 1.9524 1.9524 1.9524 1.9524 1.9524 1.9524 1.9524 1.9524 1.9524 1.9524 1.9524 1.9524 1.9524 1.9524 1.9524 1.9524 1.9524 1.9524 1.9524 1.9524 1.9524 1.9524 1.9524 1.9524 1.9524 1.9524 1.9524 1.9524 1.9524 0 0 0 0 0 0 0 0 0 0 0 0 0 0 0 0 0 0 0 0 0 0 0 0 0 0 0 0 0 0 0 0 0 0 0 0 0 0 0 0 0 0 0 0 0 0 0 0 0 0 0 0 0 0 0 0 0 0 0 0 0 0 0 0 0 0 0 0 0 0 0 0 0 0 0 0 0 0 0 0 0 0 0 0 0 0 0 0 0 0 0 0 0 0 0 0 0 0 0 0 0 0 0 0 0 0 0 0 0 0 0 0 0 0 0 0 0 0 0 0 0 0 0 0 0 0 0 0 0 0 0 0 0 0 0
0 0 0 0 0 0 0 0 0 0 0 0 0 0 0 11.429 11.429 11.429 11.429 11.429 1.9524 1.9524 1.9524 1.9524 1.9524 1.9524 1.9524 1.9524 1.9524 1.9524 1.9524 1.9524 1.9524 1.9524 1.9524 1.9524 1.9524 1.9524 1.9524 1.9524 1.9524 1.9524 1.9524 1.9524 1.9524 1.9524 1.9524 1.9524 1.9524 1.9524 0 0 0 0 0 0 0 0 0 0 0 0 0 0 0 0 0 0 0 0 0 0 0 0 0 0 0 0 0 0 0 0 0 0 0 0 0 0 0 0 0 0 0 0 0 0 0 0 0 0 0 0 0 0 0 0 0 0 0 0 0 0 0 0 0 0 0 0 0 0 0 0 0 0 0 0 0 0 0 0 0 0 0 0 0 0 0 0 0 0 0 0 0 0 0 0 0 0 0 0 0 0 0 0 0 0 0 0 0 0 0 0 0 0 0 0 0 0 0 0 0 0 0 0 0 0 0 0 0 0 0 0 0 0 0
0 0 0 0 0 0 0 0 0 0 0 0 0 0 0 11.429 11.429 11.429 11.429 11.429 1.9524 1.9524 1.9524 1.9524 1.9524 1.9524 1.9524 1.9524 1.9524 1.9524 1.9524 1.9524 1.9524 1.9524 1.9524 1.9524 1.9524 1.9524 1.9524 1.9524 1.9524 1.9524 1.9524 1.9524 1.9524 1.9524 1.9524 1.9524 1.9524 1.9524 0 0 0 0 0 0 0 0 0 0 0 0 0 0 0 0 0 0 0 0 0 0 0 0 0 0 0 0 0 0 0 0 0 0 0 0 0 0 0 0 0 0 0 0 0 0 0 0 0 0 0 0 0 0 0 0 0 0 0 0 0 0 0 0 0 0 0 0 0 0 0 0 0 0 0 0 0 0 0 0 0 0 0 0 0 0 0 0 0 0 0 0 0 0 0 0 0 0 0 0 0 0 0 0 0 0 0 0 0 0 0 0 0 0 0 0 0 0 0 0 0 0 0 0 0 0 0 0 0 0 0 0 0 0 0
0 0 0 0 0 0 0 0 0 0 0 0 0 0 0 11.429 11.429 11.429 11.429 11.429 1.9524 1.9524 1.9524 1.9524 1.9524 1.9524 1.9524 1.9524 1.9524 1.9524 1.9524 1.9524 1.9524 1.9524 1.9524 1.9524 1.9524 1.9524 1.9524 1.9524 1.9524 1.9524 1.9524 1.9524 1.9524 1.9524 1.9524 1.9524 1.9524 1.9524 0 0 0 0 0 0 0 0 0 0 0 0 0 0 0 0 0 0 0 0 0 0 0 0 0 0 0 0 0 0 0 0 0 0 0 0 0 0 0 0 0 0 0 0 0 0 0 0 0 0 0 0 0 0 0 0 0 0 0 0 0 0 0 0 0 0 0 0 0 0 0 0 0 0 0 0 0 0 0 0 0 0 0 0 0 0 0 0 0 0 0 0 0 0 0 0 0 0 0 0 0 0 0 0 0 0 0 0 0 0 0 0 0 0 0 0 0 0 0 0 0 0 0 0 0 0 0 0 0 0 0 0 0 0 0
0 0 0 0 0 0 0 0 0 0 0 0 0 0 0 11.429 11.429 11.429 11.429 11.429 1.9524 1.9524 1.9524 1.9524 1.9524 1.9524 1.9524 1.9524 1.9524 1.9524 1.9524 1.9524 1.9524 1.9524 1.9524 1.9524 1.9524 1.9524 1.9524 1.9524 1.9524 1.9524 1.9524 1.9524 1.9524 1.9524 1.9524 1.9524 1.9524 1.9524 0 0 0 0 0 0 0 0 0 0 0 0 0 0 0 0 0 0 0 0 0 0 0 0 0 0 0 0 0 0 0 0 0 0 0 0 0 0 0 0 0 0 0 0 0 0 0 0 0 0 0 0 0 0 0 0 0 0 0 0 0 0 0 0 0 0 0 0 0 0 0 0 0 0 0 0 0 0 0 0 0 0 0 0 0 0 0 0 0 0 0 0 0 0 0 0 0 0 0 0 0 0 0 0 0 0 0 0 0 0 0 0 0 0 0 0 0 0 0 0 0 0 0 0 0 0 0 0 0 0 0 0 0 0 0
0 0 0 0 0 0 0 0 0 0 0 0 0 0 0 11.429 11.429 11.429 11.429 11.429 1.9524 1.9524 1.9524 1.9524 1.9524 1.9524 1.9524 1.9524 1.9524 1.9524 1.9524 1.9524 1.9524 1.9524 1.9524 1.9524 1.9524 1.9524 1.9524 1.9524 1.9524 1.9524 1.9524 1.9524 1.9524 1.9524 1.9524 1.9524 1.9524 1.9524 0 0 0 0 0 0 0 0 0 0 0 0 0 0 0 0 0 0 0 0 0 0 0 0 0 0 0 0 0 0 0 0 0 0 0 0 0 0 0 0 0 0 0 0 0 0 0 0 0 0 0 0 0 0 0 0 0 0 0 0 0 0 0 0 0 0 0 0 0 0 0 0 0 0 0 0 0 0 0 0 0 0 0 0 0 0 0 0 0 0 0 0 0 0 0 0 0 0 0 0 0 0 0 0 0 0 0 0 0 0 0 0 0 0 0 0 0 0 0 0 0 0 0 0 0 0 0 0 0 0 0 0 0 0 0
0 0 0 0 0 0 0 0 0 0 0 0 0 0 0 11.429 11.429 11.429 11.429 11.429 1.9524 1.9524 1.9524 1.9524 1.9524 1.9524 1.9524 1.9524 1.9524 1.9524 1.9524 1.9524 1.9524 1.9524 1.9524 1.9524 1.9524 1.9524 1.9524 1.9524 1.9524 1.9524 1.9524 1.9524 1.9524 1.9524 1.9524 1.9524 1.9524 1.9524 0 0 0 0 0 0 0 0 0 0 0 0 0 0 0 0 0 0 0 0 0 0 0 0 0 0 0 0 0 0 0 0 0 0 0 0 0 0 0 0 0 0 0 0 0 0 0 0 0 0 0 0 0 0 0 0 0 0 0 0 0 0 0 0 0 0 0 0 0 0 0 0 0 0 0 0 0 0 0 0 0 0 0 0 0 0 0 0 0 0 0 0 0 0 0 0 0 0 0 0 0 0 0 0 0 0 0 0 0 0 0 0 0 0 0 0 0 0 0 0 0 0 0 0 0 0 0 0 0 0 0 0 0 0 0
0 0 0 0 0 0 0 0 0 0 0 0 0 0 0 11.429 11.429 11.429 11.429 11.429 1.9524 1.9524 1.9524 1.9524 1.9524 1.9524 1.9524 1.9524 1.9524 1.9524 1.9524 1.9524 1.9524 1.9524 1.9524 1.9524 1.9524 1.9524 1.9524 1.9524 1.9524 1.9524 1.9524 1.9524 1.9524 1.9524 1.9524 1.9524 1.9524 1.9524 0 0 0 0 0 0 0 0 0 0 0 0 0 0 0 0 0 0 0 0 0 0 0 0 0 0 0 0 0 0 0 0 0 0 0 0 0 0 0 0 0 0 0 0 0 0 0 0 0 0 0 0 0 0 0 0 0 0 0 0 0 0 0 0 0 0 0 0 0 0 0 0 0 0 0 0 0 0 0 0 0 0 0 0 0 0 0 0 0 0 0 0 0 0 0 0 0 0 0 0 0 0 0 0 0 0 0 0 0 0 0 0 0 0 0 0 0 0 0 0 0 0 0 0 0 0 0 0 0 0 0 0 0 0 0
0 0 0 0 0 0 0 0 0 0 0 0 0 0 0 11.429 11.429 11.429 11.429 11.429 1.9524 1.9524 1.9524 1.9524 1.9524 1.9524 1.9524 1.9524 1.9524 1.9524 1.9524 1.9524 1.9524 1.9524 1.9524 1.9524 1.9524 1.9524 1.9524 1.9524 1.9524 1.9524 1.9524 1.9524 1.9524 1.9524 1.9524 1.9524 1.9524 1.9524 0 0 0 0 0 0 0 0 0 0 0 0 0 0 0 0 0 0 0 0 0 0 0 0 0 0 0 0 0 0 0 0 0 0 0 0 0 0 0 0 0 0 0 0 0 0 0 0 0 0 0 0 0 0 0 0 0 0 0 0 0 0 0 0 0 0 0 0 0 0 0 0 0 0 0 0 0 0 0 0 0 0 0 0 0 0 0 0 0 0 0 0 0 0 0 0 0 0 0 0 0 0 0 0 0 0 0 0 0 0 0 0 0 0 0 0 0 0 0 0 0 0 0 0 0 0 0 0 0 0 0 0 0 0 0
0 0 0 0 0 0 0 0 0 0 0 0 0 0 0 11.429 11.429 11.429 11.429 11.429 1.9524 1.9524 1.9524 1.9524 1.9524 1.9524 1.9524 1.9524 1.9524 1.9524 1.9524 1.9524 1.9524 1.9524 1.9524 1.9524 1.9524 1.9524 1.9524 1.9524 1.9524 1.9524 1.9524 1.9524 1.9524 1.9524 1.9524 1.9524 1.9524 1.9524 0 0 0 0 0 0 0 0 0 0 0 0 0 0 0 0 0 0 0 0 0 0 0 0 0 0 0 0 0 0 0 0 0 0 0 0 0 0 0 0 0 0 0 0 0 0 0 0 0 0 0 0 0 0 0 0 0 0 0 0 0 0 0 0 0 0 0 0 0 0 0 0 0 0 0 0 0 0 0 0 0 0 0 0 0 0 0 0 0 0 0 0 0 0 0 0 0 0 0 0 0 0 0 0 0 0 0 0 0 0 0 0 0 0 0 0 0 0 0 0 0 0 0 0 0 0 0 0 0 0 0 0 0 0 0
0 0 0 0 0 0 0 0 0 0 0 0 0 0 0 11.429 11.429 11.429 11.429 11.429 1.9524 1.9524 1.9524 1.9524 1.9524 1.9524 1.9524 1.9524 1.9524 1.9524 1.9524 1.9524 1.9524 1.9524 1.9524 1.9524 1.9524 1.9524 1.9524 1.9524 1.9524 1.9524 1.9524 1.9524 1.9524 1.9524 1.9524 1.9524 1.9524 1.9524 0 0 0 0 0 0 0 0 0 0 0 0 0 0 0 0 0 0 0 0 0 0 0 0 0 0 0 0 0 0 0 0 0 0 0 0 0 0 0 0 0 0 0 0 0 0 0 0 0 0 0 0 0 0 0 0 0 0 0 0 0 0 0 0 0 0 0 0 0 0 0 0 0 0 0 0 0 0 0 0 0 0 0 0 0 0 0 0 0 0 0 0 0 0 0 0 0 0 0 0 0 0 0 0 0 0 0 0 0 0 0 0 0 0 0 0 0 0 0 0 0 0 0 0 0 0 0 0 0 0 0 0 0 0 0
0 0 0 0 0 0 0 0 0 0 0 0 0 0 0 11.429 11.429 11.429 11.429 11.429 1.9524 1.9524 1.9524 1.9524 1.9524 1.9524 1.9524 1.9524 1.9524 1.9524 1.9524 1.9524 1.9524 1.9524 1.9524 1.9524 1.9524 1.9524 1.9524 1.9524 1.9524 1.9524 1.9524 1.9524 1.9524 1.9524 1.9524 1.9524 1.9524 1.9524 0 0 0 0 0 0 0 0 0 0 0 0 0 0 0 0 0 0 0 0 0 0 0 0 0 0 0 0 0 0 0 0 0 0 0 0 0 0 0 0 0 0 0 0 0 0 0 0 0 0 0 0 0 0 0 0 0 0 0 0 0 0 0 0 0 0 0 0 0 0 0 0 0 0 0 0 0 0 0 0 0 0 0 0 0 0 0 0 0 0 0 0 0 0 0 0 0 0 0 0 0 0 0 0 0 0 0 0 0 0 0 0 0 0 0 0 0 0 0 0 0 0 0 0 0 0 0 0 0 0 0 0 0 0 0
0 0 0 0 0 0 0 0 0 0 0 0 0 0 0 11.429 11.429 11.429 11.429 11.429 1.9524 1.9524 1.9524 1.9524 1.9524 1.9524 1.9524 1.9524 1.9524 1.9524 1.9524 1.9524 1.9524 1.9524 1.9524 1.9524 1.9524 1.9524 1.9524 1.9524 1.9524 1.9524 1.9524 1.9524 1.9524 1.9524 1.9524 1.9524 1.9524 1.9524 0 0 0 0 0 0 0 0 0 0 0 0 0 0 0 0 0 0 0 0 0 0 0 0 0 0 0 0 0 0 0 0 0 0 0 0 0 0 0 0 0 0 0 0 0 0 0 0 0 0 0 0 0 0 0 0 0 0 0 0 0 0 0 0 0 0 0 0 0 0 0 0 0 0 0 0 0 0 0 0 0 0 0 0 0 0 0 0 0 0 0 0 0 0 0 0 0 0 0 0 0 0 0 0 0 0 0 0 0 0 0 0 0 0 0 0 0 0 0 0 0 0 0 0 0 0 0 0 0 0 0 0 0 0 0
0 0 0 0 0 0 0 0 0 0 0 0 0 0 0 11.429 11.429 11.429 11.429 11.429 1.9524 1.9524 1.9524 1.9524 1.9524 1.9524 1.9524 1.9524 1.9524 1.9524 1.9524 1.9524 1.9524 1.9524 1.9524 1.9524 1.9524 1.9524 1.9524 1.9524 1.9524 1.9524 1.9524 1.9524 1.9524 1.9524 1.9524 1.9524 1.9524 1.9524 0 0 0 0 0 0 0 0 0 0 0 0 0 0 0 0 0 0 0 0 0 0 0 0 0 0 0 0 0 0 0 0 0 0 0 0 0 0 0 0 0 0 0 0 0 0 0 0 0 0 0 0 0 0 0 0 0 0 0 0 0 0 0 0 0 0 0 0 0 0 0 0 0 0 0 0 0 0 0 0 0 0 0 0 0 0 0 0 0 0 0 0 0 0 0 0 0 0 0 0 0 0 0 0 0 0 0 0 0 0 0 0 0 0 0 0 0 0 0 0 0 0 0 0 0 0 0 0 0 0 0 0 0 0 0
0 0 0 0 0 0 0 0 0 0 0 0 0 0 0 11.429 11.429 11.429 11.429 11.429 1.9524 1.9524 1.9524 1.9524 1.9524 1.9524 1.9524 1.9524 1.9524 1.9524 1.9524 1.9524 1.9524 1.9524 1.9524 1.9524 1.9524 1.9524 1.9524 1.9524 1.9524 1.9524 1.9524 1.9524 1.9524 1.9524 1.9524 1.9524 1.9524 1.9524 0 0 0 0 0 0 0 0 0 0 0 0 0 0 0 0 0 0 0 0 0 0 0 0 0 0 0 0 0 0 0 0 0 0 0 0 0 0 0 0 0 0 0 0 0 0 0 0 0 0 0 0 0 0 0 0 0 0 0 0 0 0 0 0 0 0 0 0 0 0 0 0 0 0 0 0 0 0 0 0 0 0 0 0 0 0 0 0 0 0 0 0 0 0 0 0 0 0 0 0 0 0 0 0 0 0 0 0 0 0 0 0 0 0 0 0 0 0 0 0 0 0 0 0 0 0 0 0 0 0 0 0 0 0 0
0 0 0 0 0 0 0 0 0 0 0 0 0 0 0 11.429 11.429 11.429 11.429 11.429 1.9524 1.9524 1.9524 1.9524 1.9524 1.9524 1.9524 1.9524 1.9524 1.9524 1.9524 1.9524 1.9524 1.9524 1.9524 1.9524 1.9524 1.9524 1.9524 1.9524 1.9524 1.9524 1.9524 1.9524 1.9524 1.9524 1.9524 1.9524 1.9524 1.9524 0 0 0 0 0 0 0 0 0 0 0 0 0 0 0 0 0 0 0 0 0 0 0 0 0 0 0 0 0 0 0 0 0 0 0 0 0 0 0 0 0 0 0 0 0 0 0 0 0 0 0 0 0 0 0 0 0 0 0 0 0 0 0 0 0 0 0 0 0 0 0 0 0 0 0 0 0 0 0 0 0 0 0 0 0 0 0 0 0 0 0 0 0 0 0 0 0 0 0 0 0 0 0 0 0 0 0 0 0 0 0 0 0 0 0 0 0 0 0 0 0 0 0 0 0 0 0 0 0 0 0 0 0 0 0
0 0 0 0 0 0 0 0 0 0 0 0 0 0 0 11.429 11.429 11.429 11.429 11.429 1.9524 1.9524 1.9524 1.9524 1.9524 1.9524 1.9524 1.9524 1.9524 1.9524 1.9524 1.9524 1.9524 1.9524 1.9524 1.9524 1.9524 1.9524 1.9524 1.9524 1.9524 1.9524 1.9524 1.9524 1.9524 1.9524 1.9524 1.9524 1.9524 1.9524 0 0 0 0 0 0 0 0 0 0 0 0 0 0 0 0 0 0 0 0 0 0 0 0 0 0 0 0 0 0 0 0 0 0 0 0 0 0 0 0 0 0 0 0 0 0 0 0 0 0 0 0 0 0 0 0 0 0 0 0 0 0 0 0 0 0 0 0 0 0 0 0 0 0 0 0 0 0 0 0 0 0 0 0 0 0 0 0 0 0 0 0 0 0 0 0 0 0 0 0 0 0 0 0 0 0 0 0 0 0 0 0 0 0 0 0 0 0 0 0 0 0 0 0 0 0 0 0 0 0 0 0 0 0 0
0 0 0 0 0 0 0 0 0 0 0 0 0 0 0 11.429 11.429 11.429 11.429 11.429 1.9524 1.9524 1.9524 1.9524 1.9524 1.9524 1.9524 1.9524 1.9524 1.9524 1.9524 1.9524 1.9524 1.9524 1.9524 1.9524 1.9524 1.9524 1.9524 1.9524 1.9524 1.9524 1.9524 1.9524 1.9524 1.9524 1.9524 1.9524 1.9524 1.9524 0 0 0 0 0 0 0 0 0 0 0 0 0 0 0 0 0 0 0 0 0 0 0 0 0 0 0 0 0 0 0 0 0 0 0 0 0 0 0 0 0 0 0 0 0 0 0 0 0 0 0 0 0 0 0 0 0 0 0 0 0 0 0 0 0 0 0 0 0 0 0 0 0 0 0 0 0 0 0 0 0 0 0 0 0 0 0 0 0 0 0 0 0 0 0 0 0 0 0 0 0 0 0 0 0 0 0 0 0 0 0 0 0 0 0 0 0 0 0 0 0 0 0 0 0 0 0 0 0 0 0 0 0 0 0
