0 0 0 0 0 0 0 0 0 0 0 0 0 0 0 15.524 15.524 15.524 15.524 15.524 1.8095 1.8095 1.8095 1.8095 1.8095 1.8095 1.8095 1.8095 1.8095 1.8095 1.8095 1.8095 1.8095 1.8095 1.8095 1.8095 1.8095 1.8095 1.8095 1.8095 1.8095 1.8095 1.8095 1.8095 1.8095 0 0 0 0 0 0 0 0 0 0 0 0 0 0 0 0 0 0 0 0 0 0 0 0 0 0 0 0 0 0 0 0 0 0 0 0 0 0 0 0 0 0 0 0 0
0 0 0 0 0 0 0 0 0 0 0 0 0 0 0 15.524 15.524 15.524 15.524 15.524 1.8095 1.8095 1.8095 1.8095 1.8095 1.8095 1.8095 1.8095 1.8095 1.8095 1.8095 1.8095 1.8095 1.8095 1.8095 1.8095 1.8095 1.8095 1.8095 1.8095 1.8095 1.8095 1.8095 1.8095 1.8095 0 0 0 0 0 0 0 0 0 0 0 0 0 0 0 0 0 0 0 0 0 0 0 0 0 0 0 0 0 0 0 0 0 0 0 0 0 0 0 0 0 0 0 0 0
0 0 0 0 0 0 0 0 0 0 0 0 0 0 0 15.524 15.524 15.524 15.524 15.524 1.8095 1.8095 1.8095 1.8095 1.8095 1.8095 1.8095 1.8095 1.8095 1.8095 1.8095 1.8095 1.8095 1.8095 1.8095 1.8095 1.8095 1.8095 1.8095 1.8095 1.8095 1.8095 1.8095 1.8095 1.8095 0 0 0 0 0 0 0 0 0 0 0 0 0 0 0 0 0 0 0 0 0 0 0 0 0 0 0 0 0 0 0 0 0 0 0 0 0 0 0 0 0 0 0 0 0
0 0 0 0 0 0 0 0 0 0 0 0 0 0 0 15.524 15.524 15.524 15.524 15.524 1.8095 1.8095 1.8095 1.8095 1.8095 1.8095 1.8095 1.8095 1.8095 1.8095 1.8095 1.8095 1.8095 1.8095 1.8095 1.8095 1.8095 1.8095 1.8095 1.8095 1.8095 1.8095 1.8095 1.8095 1.8095 0 0 0 0 0 0 0 0 0 0 0 0 0 0 0 0 0 0 0 0 0 0 0 0 0 0 0 0 0 0 0 0 0 0 0 0 0 0 0 0 0 0 0 0 0
0 0 0 0 0 0 0 0 0 0 0 0 0 0 0 15.524 15.524 15.524 15.524 15.524 1.8095 1.8095 1.8095 1.8095 1.8095 1.8095 1.8095 1.8095 1.8095 1.8095 1.8095 1.8095 1.8095 1.8095 1.8095 1.8095 1.8095 1.8095 1.8095 1.8095 1.8095 1.8095 1.8095 1.8095 1.8095 0 0 0 0 0 0 0 0 0 0 0 0 0 0 0 0 0 0 0 0 0 0 0 0 0 0 0 0 0 0 0 0 0 0 0 0 0 0 0 0 0 0 0 0 0
0 0 0 0 0 0 0 0 0 0 0 0 0 0 0 15.524 15.524 15.524 15.524 15.524 1.8095 1.8095 1.8095 1.8095 1.8095 1.8095 1.8095 1.8095 1.8095 1.8095 1.8095 1.8095 1.8095 1.8095 1.8095 1.8095 1.8095 1.8095 1.8095 1.8095 1.8095 1.8095 1.8095 1.8095 1.8095 0 0 0 0 0 0 0 0 0 0 0 0 0 0 0 0 0 0 0 0 0 0 0 0 0 0 0 0 0 0 0 0 0 0 0 0 0 0 0 0 0 0 0 0 0
0 0 0 0 0 0 0 0 0 0 0 0 0 0 0 15.524 15.524 15.524 15.524 15.524 1.8095 1.8095 1.8095 1.8095 1.8095 1.8095 1.8095 1.8095 1.8095 1.8095 1.8095 1.8095 1.8095 1.8095 1.8095 1.8095 1.8095 1.8095 1.8095 1.8095 1.8095 1.8095 1.8095 1.8095 1.8095 0 0 0 0 0 0 0 0 0 0 0 0 0 0 0 0 0 0 0 0 0 0 0 0 0 0 0 0 0 0 0 0 0 0 0 0 0 0 0 0 0 0 0 0 0
0 0 0 0 0 0 0 0 0 0 0 0 0 0 0 15.524 15.524 15.524 15.524 15.524 1.8095 1.8095 1.8095 1.8095 1.8095 1.8095 1.8095 1.8095 1.8095 1.8095 1.8095 1.8095 1.8095 1.8095 1.8095 1.8095 1.8095 1.8095 1.8095 1.8095 1.8095 1.8095 1.8095 1.8095 1.8095 0 0 0 0 0 0 0 0 0 0 0 0 0 0 0 0 0 0 0 0 0 0 0 0 0 0 0 0 0 0 0 0 0 0 0 0 0 0 0 0 0 0 0 0 0
0 0 0 0 0 0 0 0 0 0 0 0 0 0 0 15.524 15.524 15.524 15.524 15.524 1.8095 1.8095 1.8095 1.8095 1.8095 1.8095 1.8095 1.8095 1.8095 1.8095 1.8095 1.8095 1.8095 1.8095 1.8095 1.8095 1.8095 1.8095 1.8095 1.8095 1.8095 1.8095 1.8095 1.8095 1.8095 0 0 0 0 0 0 0 0 0 0 0 0 0 0 0 0 0 0 0 0 0 0 0 0 0 0 0 0 0 0 0 0 0 0 0 0 0 0 0 0 0 0 0 0 0
0 0 0 0 0 0 0 0 0 0 0 0 0 0 0 15.524 15.524 15.524 15.524 15.524 1.8095 1.8095 1.8095 1.8095 1.8095 1.8095 1.8095 1.8095 1.8095 1.8095 1.8095 1.8095 1.8095 1.8095 1.8095 1.8095 1.8095 1.8095 1.8095 1.8095 1.8095 1.8095 1.8095 1.8095 1.8095 0 0 0 0 0 0 0 0 0 0 0 0 0 0 0 0 0 0 0 0 0 0 0 0 0 0 0 0 0 0 0 0 0 0 0 0 0 0 0 0 0 0 0 0 0
0 0 0 0 0 0 0 0 0 0 0 0 0 0 0 15.524 15.524 15.524 15.524 15.524 1.8095 1.8095 1.8095 1.8095 1.8095 1.8095 1.8095 1.8095 1.8095 1.8095 1.8095 1.8095 1.8095 1.8095 1.8095 1.8095 1.8095 1.8095 1.8095 1.8095 1.8095 1.8095 1.8095 1.8095 1.8095 0 0 0 0 0 0 0 0 0 0 0 0 0 0 0 0 0 0 0 0 0 0 0 0 0 0 0 0 0 0 0 0 0 0 0 0 0 0 0 0 0 0 0 0 0
0 0 0 0 0 0 0 0 0 0 0 0 0 0 0 15.524 15.524 15.524 15.524 15.524 1.8095 1.8095 1.8095 1.8095 1.8095 1.8095 1.8095 1.8095 1.8095 1.8095 1.8095 1.8095 1.8095 1.8095 1.8095 1.8095 1.8095 1.8095 1.8095 1.8095 1.8095 1.8095 1.8095 1.8095 1.8095 0 0 0 0 0 0 0 0 0 0 0 0 0 0 0 0 0 0 0 0 0 0 0 0 0 0 0 0 0 0 0 0 0 0 0 0 0 0 0 0 0 0 0 0 0
0 0 0 0 0 0 0 0 0 0 0 0 0 0 0 15.524 15.524 15.524 15.524 15.524 1.8095 1.8095 1.8095 1.8095 1.8095 1.8095 1.8095 1.8095 1.8095 1.8095 1.8095 1.8095 1.8095 1.8095 1.8095 1.8095 1.8095 1.8095 1.8095 1.8095 1.8095 1.8095 1.8095 1.8095 1.8095 0 0 0 0 0 0 0 0 0 0 0 0 0 0 0 0 0 0 0 0 0 0 0 0 0 0 0 0 0 0 0 0 0 0 0 0 0 0 0 0 0 0 0 0 0
0 0 0 0 0 0 0 0 0 0 0 0 0 0 0 15.524 15.524 15.524 15.524 15.524 1.8095 1.8095 1.8095 1.8095 1.8095 1.8095 1.8095 1.8095 1.8095 1.8095 1.8095 1.8095 1.8095 1.8095 1.8095 1.8095 1.8095 1.8095 1.8095 1.8095 1.8095 1.8095 1.8095 1.8095 1.8095 0 0 0 0 0 0 0 0 0 0 0 0 0 0 0 0 0 0 0 0 0 0 0 0 0 0 0 0 0 0 0 0 0 0 0 0 0 0 0 0 0 0 0 0 0
0 0 0 0 0 0 0 0 0 0 0 0 0 0 0 15.524 15.524 15.524 15.524 15.524 1.8095 1.8095 1.8095 1.8095 1.8095 1.8095 1.8095 1.8095 1.8095 1.8095 1.8095 1.8095 1.8095 1.8095 1.8095 1.8095 1.8095 1.8095 1.8095 1.8095 1.8095 1.8095 1.8095 1.8095 1.8095 0 0 0 0 0 0 0 0 0 0 0 0 0 0 0 0 0 0 0 0 0 0 0 0 0 0 0 0 0 0 0 0 0 0 0 0 0 0 0 0 0 0 0 0 0
0 0 0 0 0 0 0 0 0 0 0 0 0 0 0 15.524 15.524 15.524 15.524 15.524 1.8095 1.8095 1.8095 1.8095 1.8095 1.8095 1.8095 1.8095 1.8095 1.8095 1.8095 1.8095 1.8095 1.8095 1.8095 1.8095 1.8095 1.8095 1.8095 1.8095 1.8095 1.8095 1.8095 1.8095 1.8095 0 0 0 0 0 0 0 0 0 0 0 0 0 0 0 0 0 0 0 0 0 0 0 0 0 0 0 0 0 0 0 0 0 0 0 0 0 0 0 0 0 0 0 0 0
0 0 0 0 0 0 0 0 0 0 0 0 0 0 0 15.524 15.524 15.524 15.524 15.524 1.8095 1.8095 1.8095 1.8095 1.8095 1.8095 1.8095 1.8095 1.8095 1.8095 1.8095 1.8095 1.8095 1.8095 1.8095 1.8095 1.8095 1.8095 1.8095 1.8095 1.8095 1.8095 1.8095 1.8095 1.8095 0 0 0 0 0 0 0 0 0 0 0 0 0 0 0 0 0 0 0 0 0 0 0 0 0 0 0 0 0 0 0 0 0 0 0 0 0 0 0 0 0 0 0 0 0
0 0 0 0 0 0 0 0 0 0 0 0 0 0 0 15.524 15.524 15.524 15.524 15.524 1.8095 1.8095 1.8095 1.8095 1.8095 1.8095 1.8095 1.8095 1.8095 1.8095 1.8095 1.8095 1.8095 1.8095 1.8095 1.8095 1.8095 1.8095 1.8095 1.8095 1.8095 1.8095 1.8095 1.8095 1.8095 0 0 0 0 0 0 0 0 0 0 0 0 0 0 0 0 0 0 0 0 0 0 0 0 0 0 0 0 0 0 0 0 0 0 0 0 0 0 0 0 0 0 0 0 0
0 0 0 0 0 0 0 0 0 0 0 0 0 0 0 15.524 15.524 15.524 15.524 15.524 1.8095 1.8095 1.8095 1.8095 1.8095 1.8095 1.8095 1.8095 1.8095 1.8095 1.8095 1.8095 1.8095 1.8095 1.8095 1.8095 1.8095 1.8095 1.8095 1.8095 1.8095 1.8095 1.8095 1.8095 1.8095 0 0 0 0 0 0 0 0 0 0 0 0 0 0 0 0 0 0 0 0 0 0 0 0 0 0 0 0 0 0 0 0 0 0 0 0 0 0 0 0 0 0 0 0 0
0 0 0 0 0 0 0 0 0 0 0 0 0 0 0 15.524 15.524 15.524 15.524 15.524 1.8095 1.8095 1.8095 1.8095 1.8095 1.8095 1.8095 1.8095 1.8095 1.8095 1.8095 1.8095 1.8095 1.8095 1.8095 1.8095 1.8095 1.8095 1.8095 1.8095 1.8095 1.8095 1.8095 1.8095 1.8095 0 0 0 0 0 0 0 0 0 0 0 0 0 0 0 0 0 0 0 0 0 0 0 0 0 0 0 0 0 0 0 0 0 0 0 0 0 0 0 0 0 0 0 0 0
0 0 0 0 0 0 0 0 0 0 0 0 0 0 0 15.524 15.524 15.524 15.524 15.524 1.8095 1.8095 1.8095 1.8095 1.8095 1.8095 1.8095 1.8095 1.8095 1.8095 1.8095 1.8095 1.8095 1.8095 1.8095 1.8095 1.8095 1.8095 1.8095 1.8095 1.8095 1.8095 1.8095 1.8095 1.8095 0 0 0 0 0 0 0 0 0 0 0 0 0 0 0 0 0 0 0 0 0 0 0 0 0 0 0 0 0 0 0 0 0 0 0 0 0 0 0 0 0 0 0 0 0
0 0 0 0 0 0 0 0 0 0 0 0 0 0 0 15.524 15.524 15.524 15.524 15.524 1.8095 1.8095 1.8095 1.8095 1.8095 1.8095 1.8095 1.8095 1.8095 1.8095 1.8095 1.8095 1.8095 1.8095 1.8095 1.8095 1.8095 1.8095 1.8095 1.8095 1.8095 1.8095 1.8095 1.8095 1.8095 0 0 0 0 0 0 0 0 0 0 0 0 0 0 0 0 0 0 0 0 0 0 0 0 0 0 0 0 0 0 0 0 0 0 0 0 0 0 0 0 0 0 0 0 0
0 0 0 0 0 0 0 0 0 0 0 0 0 0 0 15.524 15.524 15.524 15.524 15.524 1.8095 1.8095 1.8095 1.8095 1.8095 1.8095 1.8095 1.8095 1.8095 1.8095 1.8095 1.8095 1.8095 1.8095 1.8095 1.8095 1.8095 1.8095 1.8095 1.8095 1.8095 1.8095 1.8095 1.8095 1.8095 0 0 0 0 0 0 0 0 0 0 0 0 0 0 0 0 0 0 0 0 0 0 0 0 0 0 0 0 0 0 0 0 0 0 0 0 0 0 0 0 0 0 0 0 0
0 0 0 0 0 0 0 0 0 0 0 0 0 0 0 15.524 15.524 15.524 15.524 15.524 1.8095 1.8095 1.8095 1.8095 1.8095 1.8095 1.8095 1.8095 1.8095 1.8095 1.8095 1.8095 1.8095 1.8095 1.8095 1.8095 1.8095 1.8095 1.8095 1.8095 1.8095 1.8095 1.8095 1.8095 1.8095 0 0 0 0 0 0 0 0 0 0 0 0 0 0 0 0 0 0 0 0 0 0 0 0 0 0 0 0 0 0 0 0 0 0 0 0 0 0 0 0 0 0 0 0 0
0 0 0 0 0 0 0 0 0 0 0 0 0 0 0 15.524 15.524 15.524 15.524 15.524 1.8095 1.8095 1.8095 1.8095 1.8095 1.8095 1.8095 1.8095 1.8095 1.8095 1.8095 1.8095 1.8095 1.8095 1.8095 1.8095 1.8095 1.8095 1.8095 1.8095 1.8095 1.8095 1.8095 1.8095 1.8095 0 0 0 0 0 0 0 0 0 0 0 0 0 0 0 0 0 0 0 0 0 0 0 0 0 0 0 0 0 0 0 0 0 0 0 0 0 0 0 0 0 0 0 0 0
0 0 0 0 0 0 0 0 0 0 0 0 0 0 0 15.524 15.524 15.524 15.524 15.524 1.8095 1.8095 1.8095 1.8095 1.8095 1.8095 1.8095 1.8095 1.8095 1.8095 1.8095 1.8095 1.8095 1.8095 1.8095 1.8095 1.8095 1.8095 1.8095 1.8095 1.8095 1.8095 1.8095 1.8095 1.8095 0 0 0 0 0 0 0 0 0 0 0 0 0 0 0 0 0 0 0 0 0 0 0 0 0 0 0 0 0 0 0 0 0 0 0 0 0 0 0 0 0 0 0 0 0
0 0 0 0 0 0 0 0 0 0 0 0 0 0 0 15.524 15.524 15.524 15.524 15.524 1.8095 1.8095 1.8095 1.8095 1.8095 1.8095 1.8095 1.8095 1.8095 1.8095 1.8095 1.8095 1.8095 1.8095 1.8095 1.8095 1.8095 1.8095 1.8095 1.8095 1.8095 1.8095 1.8095 1.8095 1.8095 0 0 0 0 0 0 0 0 0 0 0 0 0 0 0 0 0 0 0 0 0 0 0 0 0 0 0 0 0 0 0 0 0 0 0 0 0 0 0 0 0 0 0 0 0
0 0 0 0 0 0 0 0 0 0 0 0 0 0 0 15.524 15.524 15.524 15.524 15.524 1.8095 1.8095 1.8095 1.8095 1.8095 1.8095 1.8095 1.8095 1.8095 1.8095 1.8095 1.8095 1.8095 1.8095 1.8095 1.8095 1.8095 1.8095 1.8095 1.8095 1.8095 1.8095 1.8095 1.8095 1.8095 0 0 0 0 0 0 0 0 0 0 0 0 0 0 0 0 0 0 0 0 0 0 0 0 0 0 0 0 0 0 0 0 0 0 0 0 0 0 0 0 0 0 0 0 0
0 0 0 0 0 0 0 0 0 0 0 0 0 0 0 15.524 15.524 15.524 15.524 15.524 1.8095 1.8095 1.8095 1.8095 1.8095 1.8095 1.8095 1.8095 1.8095 1.8095 1.8095 1.8095 1.8095 1.8095 1.8095 1.8095 1.8095 1.8095 1.8095 1.8095 1.8095 1.8095 1.8095 1.8095 1.8095 0 0 0 0 0 0 0 0 0 0 0 0 0 0 0 0 0 0 0 0 0 0 0 0 0 0 0 0 0 0 0 0 0 0 0 0 0 0 0 0 0 0 0 0 0
0 0 0 0 0 0 0 0 0 0 0 0 0 0 0 15.524 15.524 15.524 15.524 15.524 1.8095 1.8095 1.8095 1.8095 1.8095 1.8095 1.8095 1.8095 1.8095 1.8095 1.8095 1.8095 1.8095 1.8095 1.8095 1.8095 1.8095 1.8095 1.8095 1.8095 1.8095 1.8095 1.8095 1.8095 1.8095 0 0 0 0 0 0 0 0 0 0 0 0 0 0 0 0 0 0 0 0 0 0 0 0 0 0 0 0 0 0 0 0 0 0 0 0 0 0 0 0 0 0 0 0 0
0 0 0 0 0 0 0 0 0 0 0 0 0 0 0 15.524 15.524 15.524 15.524 15.524 1.8095 1.8095 1.8095 1.8095 1.8095 1.8095 1.8095 1.8095 1.8095 1.8095 1.8095 1.8095 1.8095 1.8095 1.8095 1.8095 1.8095 1.8095 1.8095 1.8095 1.8095 1.8095 1.8095 1.8095 1.8095 0 0 0 0 0 0 0 0 0 0 0 0 0 0 0 0 0 0 0 0 0 0 0 0 0 0 0 0 0 0 0 0 0 0 0 0 0 0 0 0 0 0 0 0 0
0 0 0 0 0 0 0 0 0 0 0 0 0 0 0 15.524 15.524 15.524 15.524 15.524 1.8095 1.8095 1.8095 1.8095 1.8095 1.8095 1.8095 1.8095 1.8095 1.8095 1.8095 1.8095 1.8095 1.8095 1.8095 1.8095 1.8095 1.8095 1.8095 1.8095 1.8095 1.8095 1.8095 1.8095 1.8095 0 0 0 0 0 0 0 0 0 0 0 0 0 0 0 0 0 0 0 0 0 0 0 0 0 0 0 0 0 0 0 0 0 0 0 0 0 0 0 0 0 0 0 0 0
0 0 0 0 0 0 0 0 0 0 0 0 0 0 0 15.524 15.524 15.524 15.524 15.524 1.8095 1.8095 1.8095 1.8095 1.8095 1.8095 1.8095 1.8095 1.8095 1.8095 1.8095 1.8095 1.8095 1.8095 1.8095 1.8095 1.8095 1.8095 1.8095 1.8095 1.8095 1.8095 1.8095 1.8095 1.8095 0 0 0 0 0 0 0 0 0 0 0 0 0 0 0 0 0 0 0 0 0 0 0 0 0 0 0 0 0 0 0 0 0 0 0 0 0 0 0 0 0 0 0 0 0
0 0 0 0 0 0 0 0 0 0 0 0 0 0 0 15.524 15.524 15.524 15.524 15.524 1.8095 1.8095 1.8095 1.8095 1.8095 1.8095 1.8095 1.8095 1.8095 1.8095 1.8095 1.8095 1.8095 1.8095 1.8095 1.8095 1.8095 1.8095 1.8095 1.8095 1.8095 1.8095 1.8095 1.8095 1.8095 0 0 0 0 0 0 0 0 0 0 0 0 0 0 0 0 0 0 0 0 0 0 0 0 0 0 0 0 0 0 0 0 0 0 0 0 0 0 0 0 0 0 0 0 0
0 0 0 0 0 0 0 0 0 0 0 0 0 0 0 15.524 15.524 15.524 15.524 15.524 1.8095 1.8095 1.8095 1.8095 1.8095 1.8095 1.8095 1.8095 1.8095 1.8095 1.8095 1.8095 1.8095 1.8095 1.8095 1.8095 1.8095 1.8095 1.8095 1.8095 1.8095 1.8095 1.8095 1.8095 1.8095 0 0 0 0 0 0 0 0 0 0 0 0 0 0 0 0 0 0 0 0 0 0 0 0 0 0 0 0 0 0 0 0 0 0 0 0 0 0 0 0 0 0 0 0 0
0 0 0 0 0 0 0 0 0 0 0 0 0 0 0 15.524 15.524 15.524 15.524 15.524 1.8095 1.8095 1.8095 1.8095 1.8095 1.8095 1.8095 1.8095 1.8095 1.8095 1.8095 1.8095 1.8095 1.8095 1.8095 1.8095 1.8095 1.8095 1.8095 1.8095 1.8095 1.8095 1.8095 1.8095 1.8095 0 0 0 0 0 0 0 0 0 0 0 0 0 0 0 0 0 0 0 0 0 0 0 0 0 0 0 0 0 0 0 0 0 0 0 0 0 0 0 0 0 0 0 0 0
0 0 0 0 0 0 0 0 0 0 0 0 0 0 0 15.524 15.524 15.524 15.524 15.524 1.8095 1.8095 1.8095 1.8095 1.8095 1.8095 1.8095 1.8095 1.8095 1.8095 1.8095 1.8095 1.8095 1.8095 1.8095 1.8095 1.8095 1.8095 1.8095 1.8095 1.8095 1.8095 1.8095 1.8095 1.8095 0 0 0 0 0 0 0 0 0 0 0 0 0 0 0 0 0 0 0 0 0 0 0 0 0 0 0 0 0 0 0 0 0 0 0 0 0 0 0 0 0 0 0 0 0
0 0 0 0 0 0 0 0 0 0 0 0 0 0 0 15.524 15.524 15.524 15.524 15.524 1.8095 1.8095 1.8095 1.8095 1.8095 1.8095 1.8095 1.8095 1.8095 1.8095 1.8095 1.8095 1.8095 1.8095 1.8095 1.8095 1.8095 1.8095 1.8095 1.8095 1.8095 1.8095 1.8095 1.8095 1.8095 0 0 0 0 0 0 0 0 0 0 0 0 0 0 0 0 0 0 0 0 0 0 0 0 0 0 0 0 0 0 0 0 0 0 0 0 0 0 0 0 0 0 0 0 0
0 0 0 0 0 0 0 0 0 0 0 0 0 0 0 15.524 15.524 15.524 15.524 15.524 1.8095 1.8095 1.8095 1.8095 1.8095 1.8095 1.8095 1.8095 1.8095 1.8095 1.8095 1.8095 1.8095 1.8095 1.8095 1.8095 1.8095 1.8095 1.8095 1.8095 1.8095 1.8095 1.8095 1.8095 1.8095 0 0 0 0 0 0 0 0 0 0 0 0 0 0 0 0 0 0 0 0 0 0 0 0 0 0 0 0 0 0 0 0 0 0 0 0 0 0 0 0 0 0 0 0 0
0 0 0 0 0 0 0 0 0 0 0 0 0 0 0 15.524 15.524 15.524 15.524 15.524 1.8095 1.8095 1.8095 1.8095 1.8095 1.8095 1.8095 1.8095 1.8095 1.8095 1.8095 1.8095 1.8095 1.8095 1.8095 1.8095 1.8095 1.8095 1.8095 1.8095 1.8095 1.8095 1.8095 1.8095 1.8095 0 0 0 0 0 0 0 0 0 0 0 0 0 0 0 0 0 0 0 0 0 0 0 0 0 0 0 0 0 0 0 0 0 0 0 0 0 0 0 0 0 0 0 0 0
0 0 0 0 0 0 0 0 0 0 0 0 0 0 0 15.524 15.524 15.524 15.524 15.524 1.8095 1.8095 1.8095 1.8095 1.8095 1.8095 1.8095 1.8095 1.8095 1.8095 1.8095 1.8095 1.8095 1.8095 1.8095 1.8095 1.8095 1.8095 1.8095 1.8095 1.8095 1.8095 1.8095 1.8095 1.8095 0 0 0 0 0 0 0 0 0 0 0 0 0 0 0 0 0 0 0 0 0 0 0 0 0 0 0 0 0 0 0 0 0 0 0 0 0 0 0 0 0 0 0 0 0
0 0 0 0 0 0 0 0 0 0 0 0 0 0 0 15.524 15.524 15.524 15.524 15.524 1.8095 1.8095 1.8095 1.8095 1.8095 1.8095 1.8095 1.8095 1.8095 1.8095 1.8095 1.8095 1.8095 1.8095 1.8095 1.8095 1.8095 1.8095 1.8095 1.8095 1.8095 1.8095 1.8095 1.8095 1.8095 0 0 0 0 0 0 0 0 0 0 0 0 0 0 0 0 0 0 0 0 0 0 0 0 0 0 0 0 0 0 0 0 0 0 0 0 0 0 0 0 0 0 0 0 0
0 0 0 0 0 0 0 0 0 0 0 0 0 0 0 15.524 15.524 15.524 15.524 15.524 1.8095 1.8095 1.8095 1.8095 1.8095 1.8095 1.8095 1.8095 1.8095 1.8095 1.8095 1.8095 1.8095 1.8095 1.8095 1.8095 1.8095 1.8095 1.8095 1.8095 1.8095 1.8095 1.8095 1.8095 1.8095 0 0 0 0 0 0 0 0 0 0 0 0 0 0 0 0 0 0 0 0 0 0 0 0 0 0 0 0 0 0 0 0 0 0 0 0 0 0 0 0 0 0 0 0 0
0 0 0 0 0 0 0 0 0 0 0 0 0 0 0 15.524 15.524 15.524 15.524 15.524 1.8095 1.8095 1.8095 1.8095 1.8095 1.8095 1.8095 1.8095 1.8095 1.8095 1.8095 1.8095 1.8095 1.8095 1.8095 1.8095 1.8095 1.8095 1.8095 1.8095 1.8095 1.8095 1.8095 1.8095 1.8095 0 0 0 0 0 0 0 0 0 0 0 0 0 0 0 0 0 0 0 0 0 0 0 0 0 0 0 0 0 0 0 0 0 0 0 0 0 0 0 0 0 0 0 0 0
0 0 0 0 0 0 0 0 0 0 0 0 0 0 0 15.524 15.524 15.524 15.524 15.524 1.8095 1.8095 1.8095 1.8095 1.8095 1.8095 1.8095 1.8095 1.8095 1.8095 1.8095 1.8095 1.8095 1.8095 1.8095 1.8095 1.8095 1.8095 1.8095 1.8095 1.8095 1.8095 1.8095 1.8095 1.8095 0 0 0 0 0 0 0 0 0 0 0 0 0 0 0 0 0 0 0 0 0 0 0 0 0 0 0 0 0 0 0 0 0 0 0 0 0 0 0 0 0 0 0 0 0
0 0 0 0 0 0 0 0 0 0 0 0 0 0 0 15.524 15.524 15.524 15.524 15.524 1.8095 1.8095 1.8095 1.8095 1.8095 1.8095 1.8095 1.8095 1.8095 1.8095 1.8095 1.8095 1.8095 1.8095 1.8095 1.8095 1.8095 1.8095 1.8095 1.8095 1.8095 1.8095 1.8095 1.8095 1.8095 0 0 0 0 0 0 0 0 0 0 0 0 0 0 0 0 0 0 0 0 0 0 0 0 0 0 0 0 0 0 0 0 0 0 0 0 0 0 0 0 0 0 0 0 0
0 0 0 0 0 0 0 0 0 0 0 0 0 0 0 15.524 15.524 15.524 15.524 15.524 1.8095 1.8095 1.8095 1.8095 1.8095 1.8095 1.8095 1.8095 1.8095 1.8095 1.8095 1.8095 1.8095 1.8095 1.8095 1.8095 1.8095 1.8095 1.8095 1.8095 1.8095 1.8095 1.8095 1.8095 1.8095 0 0 0 0 0 0 0 0 0 0 0 0 0 0 0 0 0 0 0 0 0 0 0 0 0 0 0 0 0 0 0 0 0 0 0 0 0 0 0 0 0 0 0 0 0
0 0 0 0 0 0 0 0 0 0 0 0 0 0 0 15.524 15.524 15.524 15.524 15.524 1.8095 1.8095 1.8095 1.8095 1.8095 1.8095 1.8095 1.8095 1.8095 1.8095 1.8095 1.8095 1.8095 1.8095 1.8095 1.8095 1.8095 1.8095 1.8095 1.8095 1.8095 1.8095 1.8095 1.8095 1.8095 0 0 0 0 0 0 0 0 0 0 0 0 0 0 0 0 0 0 0 0 0 0 0 0 0 0 0 0 0 0 0 0 0 0 0 0 0 0 0 0 0 0 0 0 0
0 0 0 0 0 0 0 0 0 0 0 0 0 0 0 15.524 15.524 15.524 15.524 15.524 1.8095 1.8095 1.8095 1.8095 1.8095 1.8095 1.8095 1.8095 1.8095 1.8095 1.8095 1.8095 1.8095 1.8095 1.8095 1.8095 1.8095 1.8095 1.8095 1.8095 1.8095 1.8095 1.8095 1.8095 1.8095 0 0 0 0 0 0 0 0 0 0 0 0 0 0 0 0 0 0 0 0 0 0 0 0 0 0 0 0 0 0 0 0 0 0 0 0 0 0 0 0 0 0 0 0 0
0 0 0 0 0 0 0 0 0 0 0 0 0 0 0 15.524 15.524 15.524 15.524 15.524 1.8095 1.8095 1.8095 1.8095 1.8095 1.8095 1.8095 1.8095 1.8095 1.8095 1.8095 1.8095 1.8095 1.8095 1.8095 1.8095 1.8095 1.8095 1.8095 1.8095 1.8095 1.8095 1.8095 1.8095 1.8095 0 0 0 0 0 0 0 0 0 0 0 0 0 0 0 0 0 0 0 0 0 0 0 0 0 0 0 0 0 0 0 0 0 0 0 0 0 0 0 0 0 0 0 0 0
0 0 0 0 0 0 0 0 0 0 0 0 0 0 0 15.524 15.524 15.524 15.524 15.524 1.8095 1.8095 1.8095 1.8095 1.8095 1.8095 1.8095 1.8095 1.8095 1.8095 1.8095 1.8095 1.8095 1.8095 1.8095 1.8095 1.8095 1.8095 1.8095 1.8095 1.8095 1.8095 1.8095 1.8095 1.8095 0 0 0 0 0 0 0 0 0 0 0 0 0 0 0 0 0 0 0 0 0 0 0 0 0 0 0 0 0 0 0 0 0 0 0 0 0 0 0 0 0 0 0 0 0
0 0 0 0 0 0 0 0 0 0 0 0 0 0 0 15.524 15.524 15.524 15.524 15.524 1.8095 1.8095 1.8095 1.8095 1.8095 1.8095 1.8095 1.8095 1.8095 1.8095 1.8095 1.8095 1.8095 1.8095 1.8095 1.8095 1.8095 1.8095 1.8095 1.8095 1.8095 1.8095 1.8095 1.8095 1.8095 0 0 0 0 0 0 0 0 0 0 0 0 0 0 0 0 0 0 0 0 0 0 0 0 0 0 0 0 0 0 0 0 0 0 0 0 0 0 0 0 0 0 0 0 0
0 0 0 0 0 0 0 0 0 0 0 0 0 0 0 15.524 15.524 15.524 15.524 15.524 1.8095 1.8095 1.8095 1.8095 1.8095 1.8095 1.8095 1.8095 1.8095 1.8095 1.8095 1.8095 1.8095 1.8095 1.8095 1.8095 1.8095 1.8095 1.8095 1.8095 1.8095 1.8095 1.8095 1.8095 1.8095 0 0 0 0 0 0 0 0 0 0 0 0 0 0 0 0 0 0 0 0 0 0 0 0 0 0 0 0 0 0 0 0 0 0 0 0 0 0 0 0 0 0 0 0 0
0 0 0 0 0 0 0 0 0 0 0 0 0 0 0 15.524 15.524 15.524 15.524 15.524 1.8095 1.8095 1.8095 1.8095 1.8095 1.8095 1.8095 1.8095 1.8095 1.8095 1.8095 1.8095 1.8095 1.8095 1.8095 1.8095 1.8095 1.8095 1.8095 1.8095 1.8095 1.8095 1.8095 1.8095 1.8095 0 0 0 0 0 0 0 0 0 0 0 0 0 0 0 0 0 0 0 0 0 0 0 0 0 0 0 0 0 0 0 0 0 0 0 0 0 0 0 0 0 0 0 0 0
0 0 0 0 0 0 0 0 0 0 0 0 0 0 0 15.524 15.524 15.524 15.524 15.524 1.8095 1.8095 1.8095 1.8095 1.8095 1.8095 1.8095 1.8095 1.8095 1.8095 1.8095 1.8095 1.8095 1.8095 1.8095 1.8095 1.8095 1.8095 1.8095 1.8095 1.8095 1.8095 1.8095 1.8095 1.8095 0 0 0 0 0 0 0 0 0 0 0 0 0 0 0 0 0 0 0 0 0 0 0 0 0 0 0 0 0 0 0 0 0 0 0 0 0 0 0 0 0 0 0 0 0
0 0 0 0 0 0 0 0 0 0 0 0 0 0 0 15.524 15.524 15.524 15.524 15.524 1.8095 1.8095 1.8095 1.8095 1.8095 1.8095 1.8095 1.8095 1.8095 1.8095 1.8095 1.8095 1.8095 1.8095 1.8095 1.8095 1.8095 1.8095 1.8095 1.8095 1.8095 1.8095 1.8095 1.8095 1.8095 0 0 0 0 0 0 0 0 0 0 0 0 0 0 0 0 0 0 0 0 0 0 0 0 0 0 0 0 0 0 0 0 0 0 0 0 0 0 0 0 0 0 0 0 0
0 0 0 0 0 0 0 0 0 0 0 0 0 0 0 15.524 15.524 15.524 15.524 15.524 1.8095 1.8095 1.8095 1.8095 1.8095 1.8095 1.8095 1.8095 1.8095 1.8095 1.8095 1.8095 1.8095 1.8095 1.8095 1.8095 1.8095 1.8095 1.8095 1.8095 1.8095 1.8095 1.8095 1.8095 1.8095 0 0 0 0 0 0 0 0 0 0 0 0 0 0 0 0 0 0 0 0 0 0 0 0 0 0 0 0 0 0 0 0 0 0 0 0 0 0 0 0 0 0 0 0 0
0 0 0 0 0 0 0 0 0 0 0 0 0 0 0 15.524 15.524 15.524 15.524 15.524 1.8095 1.8095 1.8095 1.8095 1.8095 1.8095 1.8095 1.8095 1.8095 1.8095 1.8095 1.8095 1.8095 1.8095 1.8095 1.8095 1.8095 1.8095 1.8095 1.8095 1.8095 1.8095 1.8095 1.8095 1.8095 0 0 0 0 0 0 0 0 0 0 0 0 0 0 0 0 0 0 0 0 0 0 0 0 0 0 0 0 0 0 0 0 0 0 0 0 0 0 0 0 0 0 0 0 0
0 0 0 0 0 0 0 0 0 0 0 0 0 0 0 15.524 15.524 15.524 15.524 15.524 1.8095 1.8095 1.8095 1.8095 1.8095 1.8095 1.8095 1.8095 1.8095 1.8095 1.8095 1.8095 1.8095 1.8095 1.8095 1.8095 1.8095 1.8095 1.8095 1.8095 1.8095 1.8095 1.8095 1.8095 1.8095 0 0 0 0 0 0 0 0 0 0 0 0 0 0 0 0 0 0 0 0 0 0 0 0 0 0 0 0 0 0 0 0 0 0 0 0 0 0 0 0 0 0 0 0 0
0 0 0 0 0 0 0 0 0 0 0 0 0 0 0 15.524 15.524 15.524 15.524 15.524 1.8095 1.8095 1.8095 1.8095 1.8095 1.8095 1.8095 1.8095 1.8095 1.8095 1.8095 1.8095 1.8095 1.8095 1.8095 1.8095 1.8095 1.8095 1.8095 1.8095 1.8095 1.8095 1.8095 1.8095 1.8095 0 0 0 0 0 0 0 0 0 0 0 0 0 0 0 0 0 0 0 0 0 0 0 0 0 0 0 0 0 0 0 0 0 0 0 0 0 0 0 0 0 0 0 0 0
0 0 0 0 0 0 0 0 0 0 0 0 0 0 0 15.524 15.524 15.524 15.524 15.524 1.8095 1.8095 1.8095 1.8095 1.8095 1.8095 1.8095 1.8095 1.8095 1.8095 1.8095 1.8095 1.8095 1.8095 1.8095 1.8095 1.8095 1.8095 1.8095 1.8095 1.8095 1.8095 1.8095 1.8095 1.8095 0 0 0 0 0 0 0 0 0 0 0 0 0 0 0 0 0 0 0 0 0 0 0 0 0 0 0 0 0 0 0 0 0 0 0 0 0 0 0 0 0 0 0 0 0
0 0 0 0 0 0 0 0 0 0 0 0 0 0 0 15.524 15.524 15.524 15.524 15.524 1.8095 1.8095 1.8095 1.8095 1.8095 1.8095 1.8095 1.8095 1.8095 1.8095 1.8095 1.8095 1.8095 1.8095 1.8095 1.8095 1.8095 1.8095 1.8095 1.8095 1.8095 1.8095 1.8095 1.8095 1.8095 0 0 0 0 0 0 0 0 0 0 0 0 0 0 0 0 0 0 0 0 0 0 0 0 0 0 0 0 0 0 0 0 0 0 0 0 0 0 0 0 0 0 0 0 0
0 0 0 0 0 0 0 0 0 0 0 0 0 0 0 15.524 15.524 15.524 15.524 15.524 1.8095 1.8095 1.8095 1.8095 1.8095 1.8095 1.8095 1.8095 1.8095 1.8095 1.8095 1.8095 1.8095 1.8095 1.8095 1.8095 1.8095 1.8095 1.8095 1.8095 1.8095 1.8095 1.8095 1.8095 1.8095 0 0 0 0 0 0 0 0 0 0 0 0 0 0 0 0 0 0 0 0 0 0 0 0 0 0 0 0 0 0 0 0 0 0 0 0 0 0 0 0 0 0 0 0 0
0 0 0 0 0 0 0 0 0 0 0 0 0 0 0 15.524 15.524 15.524 15.524 15.524 1.8095 1.8095 1.8095 1.8095 1.8095 1.8095 1.8095 1.8095 1.8095 1.8095 1.8095 1.8095 1.8095 1.8095 1.8095 1.8095 1.8095 1.8095 1.8095 1.8095 1.8095 1.8095 1.8095 1.8095 1.8095 0 0 0 0 0 0 0 0 0 0 0 0 0 0 0 0 0 0 0 0 0 0 0 0 0 0 0 0 0 0 0 0 0 0 0 0 0 0 0 0 0 0 0 0 0
