0 0 0 0 0 0 0 0 0 0 0 0 0 0 0 22.571 22.571 22.571 22.571 22.571 2.6667 2.6667 2.6667 2.6667 2.6667 2.6667 2.6667 2.6667 2.6667 2.6667 2.6667 2.6667 2.6667 2.6667 2.6667 2.6667 2.6667 2.6667 2.6667 2.6667 2.6667 2.6667 2.6667 2.6667 2.6667 2.6667 2.6667 2.6667 2.6667 2.6667 0 0 0 0 0 0 0 0 0 0 0 0 0 0 0 0 0 0 0 0 0 0 0 0 0 0 0 0 0 0 0 0 0 0 0 0 0 0 0 0 0 0 0 0 0 0 0 0 0 0 0 0 0 0 0 0 0 0 0 0 0 0 0 0 0 0 0 0 0 0 0 0 0 0 0 0 0 0 0 0 0 0 0 0 0 0 0 0 0 0
0 0 0 0 0 0 0 0 0 0 0 0 0 0 0 22.571 22.571 22.571 22.571 22.571 2.6667 2.6667 2.6667 2.6667 2.6667 2.6667 2.6667 2.6667 2.6667 2.6667 2.6667 2.6667 2.6667 2.6667 2.6667 2.6667 2.6667 2.6667 2.6667 2.6667 2.6667 2.6667 2.6667 2.6667 2.6667 2.6667 2.6667 2.6667 2.6667 2.6667 0 0 0 0 0 0 0 0 0 0 0 0 0 0 0 0 0 0 0 0 0 0 0 0 0 0 0 0 0 0 0 0 0 0 0 0 0 0 0 0 0 0 0 0 0 0 0 0 0 0 0 0 0 0 0 0 0 0 0 0 0 0 0 0 0 0 0 0 0 0 0 0 0 0 0 0 0 0 0 0 0 0 0 0 0 0 0 0 0 0
0 0 0 0 0 0 0 0 0 0 0 0 0 0 0 22.571 22.571 22.571 22.571 22.571 2.6667 2.6667 2.6667 2.6667 2.6667 2.6667 2.6667 2.6667 2.6667 2.6667 2.6667 2.6667 2.6667 2.6667 2.6667 2.6667 2.6667 2.6667 2.6667 2.6667 2.6667 2.6667 2.6667 2.6667 2.6667 2.6667 2.6667 2.6667 2.6667 2.6667 0 0 0 0 0 0 0 0 0 0 0 0 0 0 0 0 0 0 0 0 0 0 0 0 0 0 0 0 0 0 0 0 0 0 0 0 0 0 0 0 0 0 0 0 0 0 0 0 0 0 0 0 0 0 0 0 0 0 0 0 0 0 0 0 0 0 0 0 0 0 0 0 0 0 0 0 0 0 0 0 0 0 0 0 0 0 0 0 0 0
0 0 0 0 0 0 0 0 0 0 0 0 0 0 0 22.571 22.571 22.571 22.571 22.571 2.6667 2.6667 2.6667 2.6667 2.6667 2.6667 2.6667 2.6667 2.6667 2.6667 2.6667 2.6667 2.6667 2.6667 2.6667 2.6667 2.6667 2.6667 2.6667 2.6667 2.6667 2.6667 2.6667 2.6667 2.6667 2.6667 2.6667 2.6667 2.6667 2.6667 0 0 0 0 0 0 0 0 0 0 0 0 0 0 0 0 0 0 0 0 0 0 0 0 0 0 0 0 0 0 0 0 0 0 0 0 0 0 0 0 0 0 0 0 0 0 0 0 0 0 0 0 0 0 0 0 0 0 0 0 0 0 0 0 0 0 0 0 0 0 0 0 0 0 0 0 0 0 0 0 0 0 0 0 0 0 0 0 0 0
0 0 0 0 0 0 0 0 0 0 0 0 0 0 0 22.571 22.571 22.571 22.571 22.571 2.6667 2.6667 2.6667 2.6667 2.6667 2.6667 2.6667 2.6667 2.6667 2.6667 2.6667 2.6667 2.6667 2.6667 2.6667 2.6667 2.6667 2.6667 2.6667 2.6667 2.6667 2.6667 2.6667 2.6667 2.6667 2.6667 2.6667 2.6667 2.6667 2.6667 0 0 0 0 0 0 0 0 0 0 0 0 0 0 0 0 0 0 0 0 0 0 0 0 0 0 0 0 0 0 0 0 0 0 0 0 0 0 0 0 0 0 0 0 0 0 0 0 0 0 0 0 0 0 0 0 0 0 0 0 0 0 0 0 0 0 0 0 0 0 0 0 0 0 0 0 0 0 0 0 0 0 0 0 0 0 0 0 0 0
0 0 0 0 0 0 0 0 0 0 0 0 0 0 0 22.571 22.571 22.571 22.571 22.571 2.6667 2.6667 2.6667 2.6667 2.6667 2.6667 2.6667 2.6667 2.6667 2.6667 2.6667 2.6667 2.6667 2.6667 2.6667 2.6667 2.6667 2.6667 2.6667 2.6667 2.6667 2.6667 2.6667 2.6667 2.6667 2.6667 2.6667 2.6667 2.6667 2.6667 0 0 0 0 0 0 0 0 0 0 0 0 0 0 0 0 0 0 0 0 0 0 0 0 0 0 0 0 0 0 0 0 0 0 0 0 0 0 0 0 0 0 0 0 0 0 0 0 0 0 0 0 0 0 0 0 0 0 0 0 0 0 0 0 0 0 0 0 0 0 0 0 0 0 0 0 0 0 0 0 0 0 0 0 0 0 0 0 0 0
0 0 0 0 0 0 0 0 0 0 0 0 0 0 0 22.571 22.571 22.571 22.571 22.571 2.6667 2.6667 2.6667 2.6667 2.6667 2.6667 2.6667 2.6667 2.6667 2.6667 2.6667 2.6667 2.6667 2.6667 2.6667 2.6667 2.6667 2.6667 2.6667 2.6667 2.6667 2.6667 2.6667 2.6667 2.6667 2.6667 2.6667 2.6667 2.6667 2.6667 0 0 0 0 0 0 0 0 0 0 0 0 0 0 0 0 0 0 0 0 0 0 0 0 0 0 0 0 0 0 0 0 0 0 0 0 0 0 0 0 0 0 0 0 0 0 0 0 0 0 0 0 0 0 0 0 0 0 0 0 0 0 0 0 0 0 0 0 0 0 0 0 0 0 0 0 0 0 0 0 0 0 0 0 0 0 0 0 0 0
0 0 0 0 0 0 0 0 0 0 0 0 0 0 0 22.571 22.571 22.571 22.571 22.571 2.6667 2.6667 2.6667 2.6667 2.6667 2.6667 2.6667 2.6667 2.6667 2.6667 2.6667 2.6667 2.6667 2.6667 2.6667 2.6667 2.6667 2.6667 2.6667 2.6667 2.6667 2.6667 2.6667 2.6667 2.6667 2.6667 2.6667 2.6667 2.6667 2.6667 0 0 0 0 0 0 0 0 0 0 0 0 0 0 0 0 0 0 0 0 0 0 0 0 0 0 0 0 0 0 0 0 0 0 0 0 0 0 0 0 0 0 0 0 0 0 0 0 0 0 0 0 0 0 0 0 0 0 0 0 0 0 0 0 0 0 0 0 0 0 0 0 0 0 0 0 0 0 0 0 0 0 0 0 0 0 0 0 0 0
0 0 0 0 0 0 0 0 0 0 0 0 0 0 0 22.571 22.571 22.571 22.571 22.571 2.6667 2.6667 2.6667 2.6667 2.6667 2.6667 2.6667 2.6667 2.6667 2.6667 2.6667 2.6667 2.6667 2.6667 2.6667 2.6667 2.6667 2.6667 2.6667 2.6667 2.6667 2.6667 2.6667 2.6667 2.6667 2.6667 2.6667 2.6667 2.6667 2.6667 0 0 0 0 0 0 0 0 0 0 0 0 0 0 0 0 0 0 0 0 0 0 0 0 0 0 0 0 0 0 0 0 0 0 0 0 0 0 0 0 0 0 0 0 0 0 0 0 0 0 0 0 0 0 0 0 0 0 0 0 0 0 0 0 0 0 0 0 0 0 0 0 0 0 0 0 0 0 0 0 0 0 0 0 0 0 0 0 0 0
0 0 0 0 0 0 0 0 0 0 0 0 0 0 0 22.571 22.571 22.571 22.571 22.571 2.6667 2.6667 2.6667 2.6667 2.6667 2.6667 2.6667 2.6667 2.6667 2.6667 2.6667 2.6667 2.6667 2.6667 2.6667 2.6667 2.6667 2.6667 2.6667 2.6667 2.6667 2.6667 2.6667 2.6667 2.6667 2.6667 2.6667 2.6667 2.6667 2.6667 0 0 0 0 0 0 0 0 0 0 0 0 0 0 0 0 0 0 0 0 0 0 0 0 0 0 0 0 0 0 0 0 0 0 0 0 0 0 0 0 0 0 0 0 0 0 0 0 0 0 0 0 0 0 0 0 0 0 0 0 0 0 0 0 0 0 0 0 0 0 0 0 0 0 0 0 0 0 0 0 0 0 0 0 0 0 0 0 0 0
0 0 0 0 0 0 0 0 0 0 0 0 0 0 0 22.571 22.571 22.571 22.571 22.571 2.6667 2.6667 2.6667 2.6667 2.6667 2.6667 2.6667 2.6667 2.6667 2.6667 2.6667 2.6667 2.6667 2.6667 2.6667 2.6667 2.6667 2.6667 2.6667 2.6667 2.6667 2.6667 2.6667 2.6667 2.6667 2.6667 2.6667 2.6667 2.6667 2.6667 0 0 0 0 0 0 0 0 0 0 0 0 0 0 0 0 0 0 0 0 0 0 0 0 0 0 0 0 0 0 0 0 0 0 0 0 0 0 0 0 0 0 0 0 0 0 0 0 0 0 0 0 0 0 0 0 0 0 0 0 0 0 0 0 0 0 0 0 0 0 0 0 0 0 0 0 0 0 0 0 0 0 0 0 0 0 0 0 0 0
0 0 0 0 0 0 0 0 0 0 0 0 0 0 0 22.571 22.571 22.571 22.571 22.571 2.6667 2.6667 2.6667 2.6667 2.6667 2.6667 2.6667 2.6667 2.6667 2.6667 2.6667 2.6667 2.6667 2.6667 2.6667 2.6667 2.6667 2.6667 2.6667 2.6667 2.6667 2.6667 2.6667 2.6667 2.6667 2.6667 2.6667 2.6667 2.6667 2.6667 0 0 0 0 0 0 0 0 0 0 0 0 0 0 0 0 0 0 0 0 0 0 0 0 0 0 0 0 0 0 0 0 0 0 0 0 0 0 0 0 0 0 0 0 0 0 0 0 0 0 0 0 0 0 0 0 0 0 0 0 0 0 0 0 0 0 0 0 0 0 0 0 0 0 0 0 0 0 0 0 0 0 0 0 0 0 0 0 0 0
0 0 0 0 0 0 0 0 0 0 0 0 0 0 0 22.571 22.571 22.571 22.571 22.571 2.6667 2.6667 2.6667 2.6667 2.6667 2.6667 2.6667 2.6667 2.6667 2.6667 2.6667 2.6667 2.6667 2.6667 2.6667 2.6667 2.6667 2.6667 2.6667 2.6667 2.6667 2.6667 2.6667 2.6667 2.6667 2.6667 2.6667 2.6667 2.6667 2.6667 0 0 0 0 0 0 0 0 0 0 0 0 0 0 0 0 0 0 0 0 0 0 0 0 0 0 0 0 0 0 0 0 0 0 0 0 0 0 0 0 0 0 0 0 0 0 0 0 0 0 0 0 0 0 0 0 0 0 0 0 0 0 0 0 0 0 0 0 0 0 0 0 0 0 0 0 0 0 0 0 0 0 0 0 0 0 0 0 0 0
0 0 0 0 0 0 0 0 0 0 0 0 0 0 0 22.571 22.571 22.571 22.571 22.571 2.6667 2.6667 2.6667 2.6667 2.6667 2.6667 2.6667 2.6667 2.6667 2.6667 2.6667 2.6667 2.6667 2.6667 2.6667 2.6667 2.6667 2.6667 2.6667 2.6667 2.6667 2.6667 2.6667 2.6667 2.6667 2.6667 2.6667 2.6667 2.6667 2.6667 0 0 0 0 0 0 0 0 0 0 0 0 0 0 0 0 0 0 0 0 0 0 0 0 0 0 0 0 0 0 0 0 0 0 0 0 0 0 0 0 0 0 0 0 0 0 0 0 0 0 0 0 0 0 0 0 0 0 0 0 0 0 0 0 0 0 0 0 0 0 0 0 0 0 0 0 0 0 0 0 0 0 0 0 0 0 0 0 0 0
0 0 0 0 0 0 0 0 0 0 0 0 0 0 0 22.571 22.571 22.571 22.571 22.571 2.6667 2.6667 2.6667 2.6667 2.6667 2.6667 2.6667 2.6667 2.6667 2.6667 2.6667 2.6667 2.6667 2.6667 2.6667 2.6667 2.6667 2.6667 2.6667 2.6667 2.6667 2.6667 2.6667 2.6667 2.6667 2.6667 2.6667 2.6667 2.6667 2.6667 0 0 0 0 0 0 0 0 0 0 0 0 0 0 0 0 0 0 0 0 0 0 0 0 0 0 0 0 0 0 0 0 0 0 0 0 0 0 0 0 0 0 0 0 0 0 0 0 0 0 0 0 0 0 0 0 0 0 0 0 0 0 0 0 0 0 0 0 0 0 0 0 0 0 0 0 0 0 0 0 0 0 0 0 0 0 0 0 0 0
0 0 0 0 0 0 0 0 0 0 0 0 0 0 0 22.571 22.571 22.571 22.571 22.571 2.6667 2.6667 2.6667 2.6667 2.6667 2.6667 2.6667 2.6667 2.6667 2.6667 2.6667 2.6667 2.6667 2.6667 2.6667 2.6667 2.6667 2.6667 2.6667 2.6667 2.6667 2.6667 2.6667 2.6667 2.6667 2.6667 2.6667 2.6667 2.6667 2.6667 0 0 0 0 0 0 0 0 0 0 0 0 0 0 0 0 0 0 0 0 0 0 0 0 0 0 0 0 0 0 0 0 0 0 0 0 0 0 0 0 0 0 0 0 0 0 0 0 0 0 0 0 0 0 0 0 0 0 0 0 0 0 0 0 0 0 0 0 0 0 0 0 0 0 0 0 0 0 0 0 0 0 0 0 0 0 0 0 0 0
0 0 0 0 0 0 0 0 0 0 0 0 0 0 0 22.571 22.571 22.571 22.571 22.571 2.6667 2.6667 2.6667 2.6667 2.6667 2.6667 2.6667 2.6667 2.6667 2.6667 2.6667 2.6667 2.6667 2.6667 2.6667 2.6667 2.6667 2.6667 2.6667 2.6667 2.6667 2.6667 2.6667 2.6667 2.6667 2.6667 2.6667 2.6667 2.6667 2.6667 0 0 0 0 0 0 0 0 0 0 0 0 0 0 0 0 0 0 0 0 0 0 0 0 0 0 0 0 0 0 0 0 0 0 0 0 0 0 0 0 0 0 0 0 0 0 0 0 0 0 0 0 0 0 0 0 0 0 0 0 0 0 0 0 0 0 0 0 0 0 0 0 0 0 0 0 0 0 0 0 0 0 0 0 0 0 0 0 0 0
0 0 0 0 0 0 0 0 0 0 0 0 0 0 0 22.571 22.571 22.571 22.571 22.571 2.6667 2.6667 2.6667 2.6667 2.6667 2.6667 2.6667 2.6667 2.6667 2.6667 2.6667 2.6667 2.6667 2.6667 2.6667 2.6667 2.6667 2.6667 2.6667 2.6667 2.6667 2.6667 2.6667 2.6667 2.6667 2.6667 2.6667 2.6667 2.6667 2.6667 0 0 0 0 0 0 0 0 0 0 0 0 0 0 0 0 0 0 0 0 0 0 0 0 0 0 0 0 0 0 0 0 0 0 0 0 0 0 0 0 0 0 0 0 0 0 0 0 0 0 0 0 0 0 0 0 0 0 0 0 0 0 0 0 0 0 0 0 0 0 0 0 0 0 0 0 0 0 0 0 0 0 0 0 0 0 0 0 0 0
0 0 0 0 0 0 0 0 0 0 0 0 0 0 0 22.571 22.571 22.571 22.571 22.571 2.6667 2.6667 2.6667 2.6667 2.6667 2.6667 2.6667 2.6667 2.6667 2.6667 2.6667 2.6667 2.6667 2.6667 2.6667 2.6667 2.6667 2.6667 2.6667 2.6667 2.6667 2.6667 2.6667 2.6667 2.6667 2.6667 2.6667 2.6667 2.6667 2.6667 0 0 0 0 0 0 0 0 0 0 0 0 0 0 0 0 0 0 0 0 0 0 0 0 0 0 0 0 0 0 0 0 0 0 0 0 0 0 0 0 0 0 0 0 0 0 0 0 0 0 0 0 0 0 0 0 0 0 0 0 0 0 0 0 0 0 0 0 0 0 0 0 0 0 0 0 0 0 0 0 0 0 0 0 0 0 0 0 0 0
0 0 0 0 0 0 0 0 0 0 0 0 0 0 0 22.571 22.571 22.571 22.571 22.571 2.6667 2.6667 2.6667 2.6667 2.6667 2.6667 2.6667 2.6667 2.6667 2.6667 2.6667 2.6667 2.6667 2.6667 2.6667 2.6667 2.6667 2.6667 2.6667 2.6667 2.6667 2.6667 2.6667 2.6667 2.6667 2.6667 2.6667 2.6667 2.6667 2.6667 0 0 0 0 0 0 0 0 0 0 0 0 0 0 0 0 0 0 0 0 0 0 0 0 0 0 0 0 0 0 0 0 0 0 0 0 0 0 0 0 0 0 0 0 0 0 0 0 0 0 0 0 0 0 0 0 0 0 0 0 0 0 0 0 0 0 0 0 0 0 0 0 0 0 0 0 0 0 0 0 0 0 0 0 0 0 0 0 0 0
0 0 0 0 0 0 0 0 0 0 0 0 0 0 0 22.571 22.571 22.571 22.571 22.571 2.6667 2.6667 2.6667 2.6667 2.6667 2.6667 2.6667 2.6667 2.6667 2.6667 2.6667 2.6667 2.6667 2.6667 2.6667 2.6667 2.6667 2.6667 2.6667 2.6667 2.6667 2.6667 2.6667 2.6667 2.6667 2.6667 2.6667 2.6667 2.6667 2.6667 0 0 0 0 0 0 0 0 0 0 0 0 0 0 0 0 0 0 0 0 0 0 0 0 0 0 0 0 0 0 0 0 0 0 0 0 0 0 0 0 0 0 0 0 0 0 0 0 0 0 0 0 0 0 0 0 0 0 0 0 0 0 0 0 0 0 0 0 0 0 0 0 0 0 0 0 0 0 0 0 0 0 0 0 0 0 0 0 0 0
0 0 0 0 0 0 0 0 0 0 0 0 0 0 0 22.571 22.571 22.571 22.571 22.571 2.6667 2.6667 2.6667 2.6667 2.6667 2.6667 2.6667 2.6667 2.6667 2.6667 2.6667 2.6667 2.6667 2.6667 2.6667 2.6667 2.6667 2.6667 2.6667 2.6667 2.6667 2.6667 2.6667 2.6667 2.6667 2.6667 2.6667 2.6667 2.6667 2.6667 0 0 0 0 0 0 0 0 0 0 0 0 0 0 0 0 0 0 0 0 0 0 0 0 0 0 0 0 0 0 0 0 0 0 0 0 0 0 0 0 0 0 0 0 0 0 0 0 0 0 0 0 0 0 0 0 0 0 0 0 0 0 0 0 0 0 0 0 0 0 0 0 0 0 0 0 0 0 0 0 0 0 0 0 0 0 0 0 0 0
0 0 0 0 0 0 0 0 0 0 0 0 0 0 0 22.571 22.571 22.571 22.571 22.571 2.6667 2.6667 2.6667 2.6667 2.6667 2.6667 2.6667 2.6667 2.6667 2.6667 2.6667 2.6667 2.6667 2.6667 2.6667 2.6667 2.6667 2.6667 2.6667 2.6667 2.6667 2.6667 2.6667 2.6667 2.6667 2.6667 2.6667 2.6667 2.6667 2.6667 0 0 0 0 0 0 0 0 0 0 0 0 0 0 0 0 0 0 0 0 0 0 0 0 0 0 0 0 0 0 0 0 0 0 0 0 0 0 0 0 0 0 0 0 0 0 0 0 0 0 0 0 0 0 0 0 0 0 0 0 0 0 0 0 0 0 0 0 0 0 0 0 0 0 0 0 0 0 0 0 0 0 0 0 0 0 0 0 0 0
0 0 0 0 0 0 0 0 0 0 0 0 0 0 0 22.571 22.571 22.571 22.571 22.571 2.6667 2.6667 2.6667 2.6667 2.6667 2.6667 2.6667 2.6667 2.6667 2.6667 2.6667 2.6667 2.6667 2.6667 2.6667 2.6667 2.6667 2.6667 2.6667 2.6667 2.6667 2.6667 2.6667 2.6667 2.6667 2.6667 2.6667 2.6667 2.6667 2.6667 0 0 0 0 0 0 0 0 0 0 0 0 0 0 0 0 0 0 0 0 0 0 0 0 0 0 0 0 0 0 0 0 0 0 0 0 0 0 0 0 0 0 0 0 0 0 0 0 0 0 0 0 0 0 0 0 0 0 0 0 0 0 0 0 0 0 0 0 0 0 0 0 0 0 0 0 0 0 0 0 0 0 0 0 0 0 0 0 0 0
0 0 0 0 0 0 0 0 0 0 0 0 0 0 0 22.571 22.571 22.571 22.571 22.571 2.6667 2.6667 2.6667 2.6667 2.6667 2.6667 2.6667 2.6667 2.6667 2.6667 2.6667 2.6667 2.6667 2.6667 2.6667 2.6667 2.6667 2.6667 2.6667 2.6667 2.6667 2.6667 2.6667 2.6667 2.6667 2.6667 2.6667 2.6667 2.6667 2.6667 0 0 0 0 0 0 0 0 0 0 0 0 0 0 0 0 0 0 0 0 0 0 0 0 0 0 0 0 0 0 0 0 0 0 0 0 0 0 0 0 0 0 0 0 0 0 0 0 0 0 0 0 0 0 0 0 0 0 0 0 0 0 0 0 0 0 0 0 0 0 0 0 0 0 0 0 0 0 0 0 0 0 0 0 0 0 0 0 0 0
0 0 0 0 0 0 0 0 0 0 0 0 0 0 0 22.571 22.571 22.571 22.571 22.571 2.6667 2.6667 2.6667 2.6667 2.6667 2.6667 2.6667 2.6667 2.6667 2.6667 2.6667 2.6667 2.6667 2.6667 2.6667 2.6667 2.6667 2.6667 2.6667 2.6667 2.6667 2.6667 2.6667 2.6667 2.6667 2.6667 2.6667 2.6667 2.6667 2.6667 0 0 0 0 0 0 0 0 0 0 0 0 0 0 0 0 0 0 0 0 0 0 0 0 0 0 0 0 0 0 0 0 0 0 0 0 0 0 0 0 0 0 0 0 0 0 0 0 0 0 0 0 0 0 0 0 0 0 0 0 0 0 0 0 0 0 0 0 0 0 0 0 0 0 0 0 0 0 0 0 0 0 0 0 0 0 0 0 0 0
0 0 0 0 0 0 0 0 0 0 0 0 0 0 0 22.571 22.571 22.571 22.571 22.571 2.6667 2.6667 2.6667 2.6667 2.6667 2.6667 2.6667 2.6667 2.6667 2.6667 2.6667 2.6667 2.6667 2.6667 2.6667 2.6667 2.6667 2.6667 2.6667 2.6667 2.6667 2.6667 2.6667 2.6667 2.6667 2.6667 2.6667 2.6667 2.6667 2.6667 0 0 0 0 0 0 0 0 0 0 0 0 0 0 0 0 0 0 0 0 0 0 0 0 0 0 0 0 0 0 0 0 0 0 0 0 0 0 0 0 0 0 0 0 0 0 0 0 0 0 0 0 0 0 0 0 0 0 0 0 0 0 0 0 0 0 0 0 0 0 0 0 0 0 0 0 0 0 0 0 0 0 0 0 0 0 0 0 0 0
0 0 0 0 0 0 0 0 0 0 0 0 0 0 0 22.571 22.571 22.571 22.571 22.571 2.6667 2.6667 2.6667 2.6667 2.6667 2.6667 2.6667 2.6667 2.6667 2.6667 2.6667 2.6667 2.6667 2.6667 2.6667 2.6667 2.6667 2.6667 2.6667 2.6667 2.6667 2.6667 2.6667 2.6667 2.6667 2.6667 2.6667 2.6667 2.6667 2.6667 0 0 0 0 0 0 0 0 0 0 0 0 0 0 0 0 0 0 0 0 0 0 0 0 0 0 0 0 0 0 0 0 0 0 0 0 0 0 0 0 0 0 0 0 0 0 0 0 0 0 0 0 0 0 0 0 0 0 0 0 0 0 0 0 0 0 0 0 0 0 0 0 0 0 0 0 0 0 0 0 0 0 0 0 0 0 0 0 0 0
0 0 0 0 0 0 0 0 0 0 0 0 0 0 0 22.571 22.571 22.571 22.571 22.571 2.6667 2.6667 2.6667 2.6667 2.6667 2.6667 2.6667 2.6667 2.6667 2.6667 2.6667 2.6667 2.6667 2.6667 2.6667 2.6667 2.6667 2.6667 2.6667 2.6667 2.6667 2.6667 2.6667 2.6667 2.6667 2.6667 2.6667 2.6667 2.6667 2.6667 0 0 0 0 0 0 0 0 0 0 0 0 0 0 0 0 0 0 0 0 0 0 0 0 0 0 0 0 0 0 0 0 0 0 0 0 0 0 0 0 0 0 0 0 0 0 0 0 0 0 0 0 0 0 0 0 0 0 0 0 0 0 0 0 0 0 0 0 0 0 0 0 0 0 0 0 0 0 0 0 0 0 0 0 0 0 0 0 0 0
0 0 0 0 0 0 0 0 0 0 0 0 0 0 0 22.571 22.571 22.571 22.571 22.571 2.6667 2.6667 2.6667 2.6667 2.6667 2.6667 2.6667 2.6667 2.6667 2.6667 2.6667 2.6667 2.6667 2.6667 2.6667 2.6667 2.6667 2.6667 2.6667 2.6667 2.6667 2.6667 2.6667 2.6667 2.6667 2.6667 2.6667 2.6667 2.6667 2.6667 0 0 0 0 0 0 0 0 0 0 0 0 0 0 0 0 0 0 0 0 0 0 0 0 0 0 0 0 0 0 0 0 0 0 0 0 0 0 0 0 0 0 0 0 0 0 0 0 0 0 0 0 0 0 0 0 0 0 0 0 0 0 0 0 0 0 0 0 0 0 0 0 0 0 0 0 0 0 0 0 0 0 0 0 0 0 0 0 0 0
0 0 0 0 0 0 0 0 0 0 0 0 0 0 0 22.571 22.571 22.571 22.571 22.571 2.6667 2.6667 2.6667 2.6667 2.6667 2.6667 2.6667 2.6667 2.6667 2.6667 2.6667 2.6667 2.6667 2.6667 2.6667 2.6667 2.6667 2.6667 2.6667 2.6667 2.6667 2.6667 2.6667 2.6667 2.6667 2.6667 2.6667 2.6667 2.6667 2.6667 0 0 0 0 0 0 0 0 0 0 0 0 0 0 0 0 0 0 0 0 0 0 0 0 0 0 0 0 0 0 0 0 0 0 0 0 0 0 0 0 0 0 0 0 0 0 0 0 0 0 0 0 0 0 0 0 0 0 0 0 0 0 0 0 0 0 0 0 0 0 0 0 0 0 0 0 0 0 0 0 0 0 0 0 0 0 0 0 0 0
0 0 0 0 0 0 0 0 0 0 0 0 0 0 0 22.571 22.571 22.571 22.571 22.571 2.6667 2.6667 2.6667 2.6667 2.6667 2.6667 2.6667 2.6667 2.6667 2.6667 2.6667 2.6667 2.6667 2.6667 2.6667 2.6667 2.6667 2.6667 2.6667 2.6667 2.6667 2.6667 2.6667 2.6667 2.6667 2.6667 2.6667 2.6667 2.6667 2.6667 0 0 0 0 0 0 0 0 0 0 0 0 0 0 0 0 0 0 0 0 0 0 0 0 0 0 0 0 0 0 0 0 0 0 0 0 0 0 0 0 0 0 0 0 0 0 0 0 0 0 0 0 0 0 0 0 0 0 0 0 0 0 0 0 0 0 0 0 0 0 0 0 0 0 0 0 0 0 0 0 0 0 0 0 0 0 0 0 0 0
0 0 0 0 0 0 0 0 0 0 0 0 0 0 0 22.571 22.571 22.571 22.571 22.571 2.6667 2.6667 2.6667 2.6667 2.6667 2.6667 2.6667 2.6667 2.6667 2.6667 2.6667 2.6667 2.6667 2.6667 2.6667 2.6667 2.6667 2.6667 2.6667 2.6667 2.6667 2.6667 2.6667 2.6667 2.6667 2.6667 2.6667 2.6667 2.6667 2.6667 0 0 0 0 0 0 0 0 0 0 0 0 0 0 0 0 0 0 0 0 0 0 0 0 0 0 0 0 0 0 0 0 0 0 0 0 0 0 0 0 0 0 0 0 0 0 0 0 0 0 0 0 0 0 0 0 0 0 0 0 0 0 0 0 0 0 0 0 0 0 0 0 0 0 0 0 0 0 0 0 0 0 0 0 0 0 0 0 0 0
0 0 0 0 0 0 0 0 0 0 0 0 0 0 0 22.571 22.571 22.571 22.571 22.571 2.6667 2.6667 2.6667 2.6667 2.6667 2.6667 2.6667 2.6667 2.6667 2.6667 2.6667 2.6667 2.6667 2.6667 2.6667 2.6667 2.6667 2.6667 2.6667 2.6667 2.6667 2.6667 2.6667 2.6667 2.6667 2.6667 2.6667 2.6667 2.6667 2.6667 0 0 0 0 0 0 0 0 0 0 0 0 0 0 0 0 0 0 0 0 0 0 0 0 0 0 0 0 0 0 0 0 0 0 0 0 0 0 0 0 0 0 0 0 0 0 0 0 0 0 0 0 0 0 0 0 0 0 0 0 0 0 0 0 0 0 0 0 0 0 0 0 0 0 0 0 0 0 0 0 0 0 0 0 0 0 0 0 0 0
0 0 0 0 0 0 0 0 0 0 0 0 0 0 0 22.571 22.571 22.571 22.571 22.571 2.6667 2.6667 2.6667 2.6667 2.6667 2.6667 2.6667 2.6667 2.6667 2.6667 2.6667 2.6667 2.6667 2.6667 2.6667 2.6667 2.6667 2.6667 2.6667 2.6667 2.6667 2.6667 2.6667 2.6667 2.6667 2.6667 2.6667 2.6667 2.6667 2.6667 0 0 0 0 0 0 0 0 0 0 0 0 0 0 0 0 0 0 0 0 0 0 0 0 0 0 0 0 0 0 0 0 0 0 0 0 0 0 0 0 0 0 0 0 0 0 0 0 0 0 0 0 0 0 0 0 0 0 0 0 0 0 0 0 0 0 0 0 0 0 0 0 0 0 0 0 0 0 0 0 0 0 0 0 0 0 0 0 0 0
0 0 0 0 0 0 0 0 0 0 0 0 0 0 0 22.571 22.571 22.571 22.571 22.571 2.6667 2.6667 2.6667 2.6667 2.6667 2.6667 2.6667 2.6667 2.6667 2.6667 2.6667 2.6667 2.6667 2.6667 2.6667 2.6667 2.6667 2.6667 2.6667 2.6667 2.6667 2.6667 2.6667 2.6667 2.6667 2.6667 2.6667 2.6667 2.6667 2.6667 0 0 0 0 0 0 0 0 0 0 0 0 0 0 0 0 0 0 0 0 0 0 0 0 0 0 0 0 0 0 0 0 0 0 0 0 0 0 0 0 0 0 0 0 0 0 0 0 0 0 0 0 0 0 0 0 0 0 0 0 0 0 0 0 0 0 0 0 0 0 0 0 0 0 0 0 0 0 0 0 0 0 0 0 0 0 0 0 0 0
0 0 0 0 0 0 0 0 0 0 0 0 0 0 0 22.571 22.571 22.571 22.571 22.571 2.6667 2.6667 2.6667 2.6667 2.6667 2.6667 2.6667 2.6667 2.6667 2.6667 2.6667 2.6667 2.6667 2.6667 2.6667 2.6667 2.6667 2.6667 2.6667 2.6667 2.6667 2.6667 2.6667 2.6667 2.6667 2.6667 2.6667 2.6667 2.6667 2.6667 0 0 0 0 0 0 0 0 0 0 0 0 0 0 0 0 0 0 0 0 0 0 0 0 0 0 0 0 0 0 0 0 0 0 0 0 0 0 0 0 0 0 0 0 0 0 0 0 0 0 0 0 0 0 0 0 0 0 0 0 0 0 0 0 0 0 0 0 0 0 0 0 0 0 0 0 0 0 0 0 0 0 0 0 0 0 0 0 0 0
0 0 0 0 0 0 0 0 0 0 0 0 0 0 0 22.571 22.571 22.571 22.571 22.571 2.6667 2.6667 2.6667 2.6667 2.6667 2.6667 2.6667 2.6667 2.6667 2.6667 2.6667 2.6667 2.6667 2.6667 2.6667 2.6667 2.6667 2.6667 2.6667 2.6667 2.6667 2.6667 2.6667 2.6667 2.6667 2.6667 2.6667 2.6667 2.6667 2.6667 0 0 0 0 0 0 0 0 0 0 0 0 0 0 0 0 0 0 0 0 0 0 0 0 0 0 0 0 0 0 0 0 0 0 0 0 0 0 0 0 0 0 0 0 0 0 0 0 0 0 0 0 0 0 0 0 0 0 0 0 0 0 0 0 0 0 0 0 0 0 0 0 0 0 0 0 0 0 0 0 0 0 0 0 0 0 0 0 0 0
0 0 0 0 0 0 0 0 0 0 0 0 0 0 0 22.571 22.571 22.571 22.571 22.571 2.6667 2.6667 2.6667 2.6667 2.6667 2.6667 2.6667 2.6667 2.6667 2.6667 2.6667 2.6667 2.6667 2.6667 2.6667 2.6667 2.6667 2.6667 2.6667 2.6667 2.6667 2.6667 2.6667 2.6667 2.6667 2.6667 2.6667 2.6667 2.6667 2.6667 0 0 0 0 0 0 0 0 0 0 0 0 0 0 0 0 0 0 0 0 0 0 0 0 0 0 0 0 0 0 0 0 0 0 0 0 0 0 0 0 0 0 0 0 0 0 0 0 0 0 0 0 0 0 0 0 0 0 0 0 0 0 0 0 0 0 0 0 0 0 0 0 0 0 0 0 0 0 0 0 0 0 0 0 0 0 0 0 0 0
0 0 0 0 0 0 0 0 0 0 0 0 0 0 0 22.571 22.571 22.571 22.571 22.571 2.6667 2.6667 2.6667 2.6667 2.6667 2.6667 2.6667 2.6667 2.6667 2.6667 2.6667 2.6667 2.6667 2.6667 2.6667 2.6667 2.6667 2.6667 2.6667 2.6667 2.6667 2.6667 2.6667 2.6667 2.6667 2.6667 2.6667 2.6667 2.6667 2.6667 0 0 0 0 0 0 0 0 0 0 0 0 0 0 0 0 0 0 0 0 0 0 0 0 0 0 0 0 0 0 0 0 0 0 0 0 0 0 0 0 0 0 0 0 0 0 0 0 0 0 0 0 0 0 0 0 0 0 0 0 0 0 0 0 0 0 0 0 0 0 0 0 0 0 0 0 0 0 0 0 0 0 0 0 0 0 0 0 0 0
0 0 0 0 0 0 0 0 0 0 0 0 0 0 0 22.571 22.571 22.571 22.571 22.571 2.6667 2.6667 2.6667 2.6667 2.6667 2.6667 2.6667 2.6667 2.6667 2.6667 2.6667 2.6667 2.6667 2.6667 2.6667 2.6667 2.6667 2.6667 2.6667 2.6667 2.6667 2.6667 2.6667 2.6667 2.6667 2.6667 2.6667 2.6667 2.6667 2.6667 0 0 0 0 0 0 0 0 0 0 0 0 0 0 0 0 0 0 0 0 0 0 0 0 0 0 0 0 0 0 0 0 0 0 0 0 0 0 0 0 0 0 0 0 0 0 0 0 0 0 0 0 0 0 0 0 0 0 0 0 0 0 0 0 0 0 0 0 0 0 0 0 0 0 0 0 0 0 0 0 0 0 0 0 0 0 0 0 0 0
0 0 0 0 0 0 0 0 0 0 0 0 0 0 0 22.571 22.571 22.571 22.571 22.571 2.6667 2.6667 2.6667 2.6667 2.6667 2.6667 2.6667 2.6667 2.6667 2.6667 2.6667 2.6667 2.6667 2.6667 2.6667 2.6667 2.6667 2.6667 2.6667 2.6667 2.6667 2.6667 2.6667 2.6667 2.6667 2.6667 2.6667 2.6667 2.6667 2.6667 0 0 0 0 0 0 0 0 0 0 0 0 0 0 0 0 0 0 0 0 0 0 0 0 0 0 0 0 0 0 0 0 0 0 0 0 0 0 0 0 0 0 0 0 0 0 0 0 0 0 0 0 0 0 0 0 0 0 0 0 0 0 0 0 0 0 0 0 0 0 0 0 0 0 0 0 0 0 0 0 0 0 0 0 0 0 0 0 0 0
0 0 0 0 0 0 0 0 0 0 0 0 0 0 0 22.571 22.571 22.571 22.571 22.571 2.6667 2.6667 2.6667 2.6667 2.6667 2.6667 2.6667 2.6667 2.6667 2.6667 2.6667 2.6667 2.6667 2.6667 2.6667 2.6667 2.6667 2.6667 2.6667 2.6667 2.6667 2.6667 2.6667 2.6667 2.6667 2.6667 2.6667 2.6667 2.6667 2.6667 0 0 0 0 0 0 0 0 0 0 0 0 0 0 0 0 0 0 0 0 0 0 0 0 0 0 0 0 0 0 0 0 0 0 0 0 0 0 0 0 0 0 0 0 0 0 0 0 0 0 0 0 0 0 0 0 0 0 0 0 0 0 0 0 0 0 0 0 0 0 0 0 0 0 0 0 0 0 0 0 0 0 0 0 0 0 0 0 0 0
0 0 0 0 0 0 0 0 0 0 0 0 0 0 0 22.571 22.571 22.571 22.571 22.571 2.6667 2.6667 2.6667 2.6667 2.6667 2.6667 2.6667 2.6667 2.6667 2.6667 2.6667 2.6667 2.6667 2.6667 2.6667 2.6667 2.6667 2.6667 2.6667 2.6667 2.6667 2.6667 2.6667 2.6667 2.6667 2.6667 2.6667 2.6667 2.6667 2.6667 0 0 0 0 0 0 0 0 0 0 0 0 0 0 0 0 0 0 0 0 0 0 0 0 0 0 0 0 0 0 0 0 0 0 0 0 0 0 0 0 0 0 0 0 0 0 0 0 0 0 0 0 0 0 0 0 0 0 0 0 0 0 0 0 0 0 0 0 0 0 0 0 0 0 0 0 0 0 0 0 0 0 0 0 0 0 0 0 0 0
0 0 0 0 0 0 0 0 0 0 0 0 0 0 0 22.571 22.571 22.571 22.571 22.571 2.6667 2.6667 2.6667 2.6667 2.6667 2.6667 2.6667 2.6667 2.6667 2.6667 2.6667 2.6667 2.6667 2.6667 2.6667 2.6667 2.6667 2.6667 2.6667 2.6667 2.6667 2.6667 2.6667 2.6667 2.6667 2.6667 2.6667 2.6667 2.6667 2.6667 0 0 0 0 0 0 0 0 0 0 0 0 0 0 0 0 0 0 0 0 0 0 0 0 0 0 0 0 0 0 0 0 0 0 0 0 0 0 0 0 0 0 0 0 0 0 0 0 0 0 0 0 0 0 0 0 0 0 0 0 0 0 0 0 0 0 0 0 0 0 0 0 0 0 0 0 0 0 0 0 0 0 0 0 0 0 0 0 0 0
0 0 0 0 0 0 0 0 0 0 0 0 0 0 0 22.571 22.571 22.571 22.571 22.571 2.6667 2.6667 2.6667 2.6667 2.6667 2.6667 2.6667 2.6667 2.6667 2.6667 2.6667 2.6667 2.6667 2.6667 2.6667 2.6667 2.6667 2.6667 2.6667 2.6667 2.6667 2.6667 2.6667 2.6667 2.6667 2.6667 2.6667 2.6667 2.6667 2.6667 0 0 0 0 0 0 0 0 0 0 0 0 0 0 0 0 0 0 0 0 0 0 0 0 0 0 0 0 0 0 0 0 0 0 0 0 0 0 0 0 0 0 0 0 0 0 0 0 0 0 0 0 0 0 0 0 0 0 0 0 0 0 0 0 0 0 0 0 0 0 0 0 0 0 0 0 0 0 0 0 0 0 0 0 0 0 0 0 0 0
0 0 0 0 0 0 0 0 0 0 0 0 0 0 0 22.571 22.571 22.571 22.571 22.571 2.6667 2.6667 2.6667 2.6667 2.6667 2.6667 2.6667 2.6667 2.6667 2.6667 2.6667 2.6667 2.6667 2.6667 2.6667 2.6667 2.6667 2.6667 2.6667 2.6667 2.6667 2.6667 2.6667 2.6667 2.6667 2.6667 2.6667 2.6667 2.6667 2.6667 0 0 0 0 0 0 0 0 0 0 0 0 0 0 0 0 0 0 0 0 0 0 0 0 0 0 0 0 0 0 0 0 0 0 0 0 0 0 0 0 0 0 0 0 0 0 0 0 0 0 0 0 0 0 0 0 0 0 0 0 0 0 0 0 0 0 0 0 0 0 0 0 0 0 0 0 0 0 0 0 0 0 0 0 0 0 0 0 0 0
0 0 0 0 0 0 0 0 0 0 0 0 0 0 0 22.571 22.571 22.571 22.571 22.571 2.6667 2.6667 2.6667 2.6667 2.6667 2.6667 2.6667 2.6667 2.6667 2.6667 2.6667 2.6667 2.6667 2.6667 2.6667 2.6667 2.6667 2.6667 2.6667 2.6667 2.6667 2.6667 2.6667 2.6667 2.6667 2.6667 2.6667 2.6667 2.6667 2.6667 0 0 0 0 0 0 0 0 0 0 0 0 0 0 0 0 0 0 0 0 0 0 0 0 0 0 0 0 0 0 0 0 0 0 0 0 0 0 0 0 0 0 0 0 0 0 0 0 0 0 0 0 0 0 0 0 0 0 0 0 0 0 0 0 0 0 0 0 0 0 0 0 0 0 0 0 0 0 0 0 0 0 0 0 0 0 0 0 0 0
0 0 0 0 0 0 0 0 0 0 0 0 0 0 0 22.571 22.571 22.571 22.571 22.571 2.6667 2.6667 2.6667 2.6667 2.6667 2.6667 2.6667 2.6667 2.6667 2.6667 2.6667 2.6667 2.6667 2.6667 2.6667 2.6667 2.6667 2.6667 2.6667 2.6667 2.6667 2.6667 2.6667 2.6667 2.6667 2.6667 2.6667 2.6667 2.6667 2.6667 0 0 0 0 0 0 0 0 0 0 0 0 0 0 0 0 0 0 0 0 0 0 0 0 0 0 0 0 0 0 0 0 0 0 0 0 0 0 0 0 0 0 0 0 0 0 0 0 0 0 0 0 0 0 0 0 0 0 0 0 0 0 0 0 0 0 0 0 0 0 0 0 0 0 0 0 0 0 0 0 0 0 0 0 0 0 0 0 0 0
0 0 0 0 0 0 0 0 0 0 0 0 0 0 0 22.571 22.571 22.571 22.571 22.571 2.6667 2.6667 2.6667 2.6667 2.6667 2.6667 2.6667 2.6667 2.6667 2.6667 2.6667 2.6667 2.6667 2.6667 2.6667 2.6667 2.6667 2.6667 2.6667 2.6667 2.6667 2.6667 2.6667 2.6667 2.6667 2.6667 2.6667 2.6667 2.6667 2.6667 0 0 0 0 0 0 0 0 0 0 0 0 0 0 0 0 0 0 0 0 0 0 0 0 0 0 0 0 0 0 0 0 0 0 0 0 0 0 0 0 0 0 0 0 0 0 0 0 0 0 0 0 0 0 0 0 0 0 0 0 0 0 0 0 0 0 0 0 0 0 0 0 0 0 0 0 0 0 0 0 0 0 0 0 0 0 0 0 0 0
0 0 0 0 0 0 0 0 0 0 0 0 0 0 0 22.571 22.571 22.571 22.571 22.571 2.6667 2.6667 2.6667 2.6667 2.6667 2.6667 2.6667 2.6667 2.6667 2.6667 2.6667 2.6667 2.6667 2.6667 2.6667 2.6667 2.6667 2.6667 2.6667 2.6667 2.6667 2.6667 2.6667 2.6667 2.6667 2.6667 2.6667 2.6667 2.6667 2.6667 0 0 0 0 0 0 0 0 0 0 0 0 0 0 0 0 0 0 0 0 0 0 0 0 0 0 0 0 0 0 0 0 0 0 0 0 0 0 0 0 0 0 0 0 0 0 0 0 0 0 0 0 0 0 0 0 0 0 0 0 0 0 0 0 0 0 0 0 0 0 0 0 0 0 0 0 0 0 0 0 0 0 0 0 0 0 0 0 0 0
0 0 0 0 0 0 0 0 0 0 0 0 0 0 0 22.571 22.571 22.571 22.571 22.571 2.6667 2.6667 2.6667 2.6667 2.6667 2.6667 2.6667 2.6667 2.6667 2.6667 2.6667 2.6667 2.6667 2.6667 2.6667 2.6667 2.6667 2.6667 2.6667 2.6667 2.6667 2.6667 2.6667 2.6667 2.6667 2.6667 2.6667 2.6667 2.6667 2.6667 0 0 0 0 0 0 0 0 0 0 0 0 0 0 0 0 0 0 0 0 0 0 0 0 0 0 0 0 0 0 0 0 0 0 0 0 0 0 0 0 0 0 0 0 0 0 0 0 0 0 0 0 0 0 0 0 0 0 0 0 0 0 0 0 0 0 0 0 0 0 0 0 0 0 0 0 0 0 0 0 0 0 0 0 0 0 0 0 0 0
0 0 0 0 0 0 0 0 0 0 0 0 0 0 0 22.571 22.571 22.571 22.571 22.571 2.6667 2.6667 2.6667 2.6667 2.6667 2.6667 2.6667 2.6667 2.6667 2.6667 2.6667 2.6667 2.6667 2.6667 2.6667 2.6667 2.6667 2.6667 2.6667 2.6667 2.6667 2.6667 2.6667 2.6667 2.6667 2.6667 2.6667 2.6667 2.6667 2.6667 0 0 0 0 0 0 0 0 0 0 0 0 0 0 0 0 0 0 0 0 0 0 0 0 0 0 0 0 0 0 0 0 0 0 0 0 0 0 0 0 0 0 0 0 0 0 0 0 0 0 0 0 0 0 0 0 0 0 0 0 0 0 0 0 0 0 0 0 0 0 0 0 0 0 0 0 0 0 0 0 0 0 0 0 0 0 0 0 0 0
0 0 0 0 0 0 0 0 0 0 0 0 0 0 0 22.571 22.571 22.571 22.571 22.571 2.6667 2.6667 2.6667 2.6667 2.6667 2.6667 2.6667 2.6667 2.6667 2.6667 2.6667 2.6667 2.6667 2.6667 2.6667 2.6667 2.6667 2.6667 2.6667 2.6667 2.6667 2.6667 2.6667 2.6667 2.6667 2.6667 2.6667 2.6667 2.6667 2.6667 0 0 0 0 0 0 0 0 0 0 0 0 0 0 0 0 0 0 0 0 0 0 0 0 0 0 0 0 0 0 0 0 0 0 0 0 0 0 0 0 0 0 0 0 0 0 0 0 0 0 0 0 0 0 0 0 0 0 0 0 0 0 0 0 0 0 0 0 0 0 0 0 0 0 0 0 0 0 0 0 0 0 0 0 0 0 0 0 0 0
0 0 0 0 0 0 0 0 0 0 0 0 0 0 0 22.571 22.571 22.571 22.571 22.571 2.6667 2.6667 2.6667 2.6667 2.6667 2.6667 2.6667 2.6667 2.6667 2.6667 2.6667 2.6667 2.6667 2.6667 2.6667 2.6667 2.6667 2.6667 2.6667 2.6667 2.6667 2.6667 2.6667 2.6667 2.6667 2.6667 2.6667 2.6667 2.6667 2.6667 0 0 0 0 0 0 0 0 0 0 0 0 0 0 0 0 0 0 0 0 0 0 0 0 0 0 0 0 0 0 0 0 0 0 0 0 0 0 0 0 0 0 0 0 0 0 0 0 0 0 0 0 0 0 0 0 0 0 0 0 0 0 0 0 0 0 0 0 0 0 0 0 0 0 0 0 0 0 0 0 0 0 0 0 0 0 0 0 0 0
0 0 0 0 0 0 0 0 0 0 0 0 0 0 0 22.571 22.571 22.571 22.571 22.571 2.6667 2.6667 2.6667 2.6667 2.6667 2.6667 2.6667 2.6667 2.6667 2.6667 2.6667 2.6667 2.6667 2.6667 2.6667 2.6667 2.6667 2.6667 2.6667 2.6667 2.6667 2.6667 2.6667 2.6667 2.6667 2.6667 2.6667 2.6667 2.6667 2.6667 0 0 0 0 0 0 0 0 0 0 0 0 0 0 0 0 0 0 0 0 0 0 0 0 0 0 0 0 0 0 0 0 0 0 0 0 0 0 0 0 0 0 0 0 0 0 0 0 0 0 0 0 0 0 0 0 0 0 0 0 0 0 0 0 0 0 0 0 0 0 0 0 0 0 0 0 0 0 0 0 0 0 0 0 0 0 0 0 0 0
0 0 0 0 0 0 0 0 0 0 0 0 0 0 0 22.571 22.571 22.571 22.571 22.571 2.6667 2.6667 2.6667 2.6667 2.6667 2.6667 2.6667 2.6667 2.6667 2.6667 2.6667 2.6667 2.6667 2.6667 2.6667 2.6667 2.6667 2.6667 2.6667 2.6667 2.6667 2.6667 2.6667 2.6667 2.6667 2.6667 2.6667 2.6667 2.6667 2.6667 0 0 0 0 0 0 0 0 0 0 0 0 0 0 0 0 0 0 0 0 0 0 0 0 0 0 0 0 0 0 0 0 0 0 0 0 0 0 0 0 0 0 0 0 0 0 0 0 0 0 0 0 0 0 0 0 0 0 0 0 0 0 0 0 0 0 0 0 0 0 0 0 0 0 0 0 0 0 0 0 0 0 0 0 0 0 0 0 0 0
0 0 0 0 0 0 0 0 0 0 0 0 0 0 0 22.571 22.571 22.571 22.571 22.571 2.6667 2.6667 2.6667 2.6667 2.6667 2.6667 2.6667 2.6667 2.6667 2.6667 2.6667 2.6667 2.6667 2.6667 2.6667 2.6667 2.6667 2.6667 2.6667 2.6667 2.6667 2.6667 2.6667 2.6667 2.6667 2.6667 2.6667 2.6667 2.6667 2.6667 0 0 0 0 0 0 0 0 0 0 0 0 0 0 0 0 0 0 0 0 0 0 0 0 0 0 0 0 0 0 0 0 0 0 0 0 0 0 0 0 0 0 0 0 0 0 0 0 0 0 0 0 0 0 0 0 0 0 0 0 0 0 0 0 0 0 0 0 0 0 0 0 0 0 0 0 0 0 0 0 0 0 0 0 0 0 0 0 0 0
0 0 0 0 0 0 0 0 0 0 0 0 0 0 0 22.571 22.571 22.571 22.571 22.571 2.6667 2.6667 2.6667 2.6667 2.6667 2.6667 2.6667 2.6667 2.6667 2.6667 2.6667 2.6667 2.6667 2.6667 2.6667 2.6667 2.6667 2.6667 2.6667 2.6667 2.6667 2.6667 2.6667 2.6667 2.6667 2.6667 2.6667 2.6667 2.6667 2.6667 0 0 0 0 0 0 0 0 0 0 0 0 0 0 0 0 0 0 0 0 0 0 0 0 0 0 0 0 0 0 0 0 0 0 0 0 0 0 0 0 0 0 0 0 0 0 0 0 0 0 0 0 0 0 0 0 0 0 0 0 0 0 0 0 0 0 0 0 0 0 0 0 0 0 0 0 0 0 0 0 0 0 0 0 0 0 0 0 0 0
0 0 0 0 0 0 0 0 0 0 0 0 0 0 0 22.571 22.571 22.571 22.571 22.571 2.6667 2.6667 2.6667 2.6667 2.6667 2.6667 2.6667 2.6667 2.6667 2.6667 2.6667 2.6667 2.6667 2.6667 2.6667 2.6667 2.6667 2.6667 2.6667 2.6667 2.6667 2.6667 2.6667 2.6667 2.6667 2.6667 2.6667 2.6667 2.6667 2.6667 0 0 0 0 0 0 0 0 0 0 0 0 0 0 0 0 0 0 0 0 0 0 0 0 0 0 0 0 0 0 0 0 0 0 0 0 0 0 0 0 0 0 0 0 0 0 0 0 0 0 0 0 0 0 0 0 0 0 0 0 0 0 0 0 0 0 0 0 0 0 0 0 0 0 0 0 0 0 0 0 0 0 0 0 0 0 0 0 0 0
0 0 0 0 0 0 0 0 0 0 0 0 0 0 0 22.571 22.571 22.571 22.571 22.571 2.6667 2.6667 2.6667 2.6667 2.6667 2.6667 2.6667 2.6667 2.6667 2.6667 2.6667 2.6667 2.6667 2.6667 2.6667 2.6667 2.6667 2.6667 2.6667 2.6667 2.6667 2.6667 2.6667 2.6667 2.6667 2.6667 2.6667 2.6667 2.6667 2.6667 0 0 0 0 0 0 0 0 0 0 0 0 0 0 0 0 0 0 0 0 0 0 0 0 0 0 0 0 0 0 0 0 0 0 0 0 0 0 0 0 0 0 0 0 0 0 0 0 0 0 0 0 0 0 0 0 0 0 0 0 0 0 0 0 0 0 0 0 0 0 0 0 0 0 0 0 0 0 0 0 0 0 0 0 0 0 0 0 0 0
0 0 0 0 0 0 0 0 0 0 0 0 0 0 0 22.571 22.571 22.571 22.571 22.571 2.6667 2.6667 2.6667 2.6667 2.6667 2.6667 2.6667 2.6667 2.6667 2.6667 2.6667 2.6667 2.6667 2.6667 2.6667 2.6667 2.6667 2.6667 2.6667 2.6667 2.6667 2.6667 2.6667 2.6667 2.6667 2.6667 2.6667 2.6667 2.6667 2.6667 0 0 0 0 0 0 0 0 0 0 0 0 0 0 0 0 0 0 0 0 0 0 0 0 0 0 0 0 0 0 0 0 0 0 0 0 0 0 0 0 0 0 0 0 0 0 0 0 0 0 0 0 0 0 0 0 0 0 0 0 0 0 0 0 0 0 0 0 0 0 0 0 0 0 0 0 0 0 0 0 0 0 0 0 0 0 0 0 0 0
0 0 0 0 0 0 0 0 0 0 0 0 0 0 0 22.571 22.571 22.571 22.571 22.571 2.6667 2.6667 2.6667 2.6667 2.6667 2.6667 2.6667 2.6667 2.6667 2.6667 2.6667 2.6667 2.6667 2.6667 2.6667 2.6667 2.6667 2.6667 2.6667 2.6667 2.6667 2.6667 2.6667 2.6667 2.6667 2.6667 2.6667 2.6667 2.6667 2.6667 0 0 0 0 0 0 0 0 0 0 0 0 0 0 0 0 0 0 0 0 0 0 0 0 0 0 0 0 0 0 0 0 0 0 0 0 0 0 0 0 0 0 0 0 0 0 0 0 0 0 0 0 0 0 0 0 0 0 0 0 0 0 0 0 0 0 0 0 0 0 0 0 0 0 0 0 0 0 0 0 0 0 0 0 0 0 0 0 0 0
0 0 0 0 0 0 0 0 0 0 0 0 0 0 0 22.571 22.571 22.571 22.571 22.571 2.6667 2.6667 2.6667 2.6667 2.6667 2.6667 2.6667 2.6667 2.6667 2.6667 2.6667 2.6667 2.6667 2.6667 2.6667 2.6667 2.6667 2.6667 2.6667 2.6667 2.6667 2.6667 2.6667 2.6667 2.6667 2.6667 2.6667 2.6667 2.6667 2.6667 0 0 0 0 0 0 0 0 0 0 0 0 0 0 0 0 0 0 0 0 0 0 0 0 0 0 0 0 0 0 0 0 0 0 0 0 0 0 0 0 0 0 0 0 0 0 0 0 0 0 0 0 0 0 0 0 0 0 0 0 0 0 0 0 0 0 0 0 0 0 0 0 0 0 0 0 0 0 0 0 0 0 0 0 0 0 0 0 0 0
