0 0 0 0 0 0 0 0 0 0 0 0 0 0 0 1.6905 1.6905 1.6905 1.6905 1.6905 1.6905 1.6905 1.6905 1.6905 1.6905 1.6905 1.6905 1.6905 1.6905 1.6905 1.6905 1.6905 1.6905 1.6905 1.6905 1.6905 1.6905 1.6905 1.6905 1.6905 1.6905 1.6905 1.6905 1.6905 1.6905 0 0 0 0 0 0 0 0 0 0 0 0 0 0 0 0 0 0 0 0 0 0 0 0 0 0 0 0 0 0 0 0 0 0 0 0 0 0 0 0 0 0 0 0 0 0 0 0 0 0 0 0 0 0 0 0 0 0 0 0 0 0 0 0 0 0 0 0 0 0 0 0 0 0 0 0 0 0 0 0 0 0 0 0 0 0 0 0 0 0 0 0 0 0 0 0 0 0 0 0 0 0 0 0 0 0 0 0 0 0 0 0 0 0 0 0 0 0 0 0 0 0 0 0 0 0 0 0 0 0 0 0 0 0 0
0 0 0 0 0 0 0 0 0 0 0 0 0 0 0 1.6905 1.6905 1.6905 1.6905 1.6905 1.6905 1.6905 1.6905 1.6905 1.6905 1.6905 1.6905 1.6905 1.6905 1.6905 1.6905 1.6905 1.6905 1.6905 1.6905 1.6905 1.6905 1.6905 1.6905 1.6905 1.6905 1.6905 1.6905 1.6905 1.6905 0 0 0 0 0 0 0 0 0 0 0 0 0 0 0 0 0 0 0 0 0 0 0 0 0 0 0 0 0 0 0 0 0 0 0 0 0 0 0 0 0 0 0 0 0 0 0 0 0 0 0 0 0 0 0 0 0 0 0 0 0 0 0 0 0 0 0 0 0 0 0 0 0 0 0 0 0 0 0 0 0 0 0 0 0 0 0 0 0 0 0 0 0 0 0 0 0 0 0 0 0 0 0 0 0 0 0 0 0 0 0 0 0 0 0 0 0 0 0 0 0 0 0 0 0 0 0 0 0 0 0 0 0 0 0
0 0 0 0 0 0 0 0 0 0 0 0 0 0 0 1.6905 1.6905 1.6905 1.6905 1.6905 1.6905 1.6905 1.6905 1.6905 1.6905 1.6905 1.6905 1.6905 1.6905 1.6905 1.6905 1.6905 1.6905 1.6905 1.6905 1.6905 1.6905 1.6905 1.6905 1.6905 1.6905 1.6905 1.6905 1.6905 1.6905 0 0 0 0 0 0 0 0 0 0 0 0 0 0 0 0 0 0 0 0 0 0 0 0 0 0 0 0 0 0 0 0 0 0 0 0 0 0 0 0 0 0 0 0 0 0 0 0 0 0 0 0 0 0 0 0 0 0 0 0 0 0 0 0 0 0 0 0 0 0 0 0 0 0 0 0 0 0 0 0 0 0 0 0 0 0 0 0 0 0 0 0 0 0 0 0 0 0 0 0 0 0 0 0 0 0 0 0 0 0 0 0 0 0 0 0 0 0 0 0 0 0 0 0 0 0 0 0 0 0 0 0 0 0 0
0 0 0 0 0 0 0 0 0 0 0 0 0 0 0 1.6905 1.6905 1.6905 1.6905 1.6905 1.6905 1.6905 1.6905 1.6905 1.6905 1.6905 1.6905 1.6905 1.6905 1.6905 1.6905 1.6905 1.6905 1.6905 1.6905 1.6905 1.6905 1.6905 1.6905 1.6905 1.6905 1.6905 1.6905 1.6905 1.6905 0 0 0 0 0 0 0 0 0 0 0 0 0 0 0 0 0 0 0 0 0 0 0 0 0 0 0 0 0 0 0 0 0 0 0 0 0 0 0 0 0 0 0 0 0 0 0 0 0 0 0 0 0 0 0 0 0 0 0 0 0 0 0 0 0 0 0 0 0 0 0 0 0 0 0 0 0 0 0 0 0 0 0 0 0 0 0 0 0 0 0 0 0 0 0 0 0 0 0 0 0 0 0 0 0 0 0 0 0 0 0 0 0 0 0 0 0 0 0 0 0 0 0 0 0 0 0 0 0 0 0 0 0 0 0
0 0 0 0 0 0 0 0 0 0 0 0 0 0 0 1.6905 1.6905 1.6905 1.6905 1.6905 1.6905 1.6905 1.6905 1.6905 1.6905 1.6905 1.6905 1.6905 1.6905 1.6905 1.6905 1.6905 1.6905 1.6905 1.6905 1.6905 1.6905 1.6905 1.6905 1.6905 1.6905 1.6905 1.6905 1.6905 1.6905 0 0 0 0 0 0 0 0 0 0 0 0 0 0 0 0 0 0 0 0 0 0 0 0 0 0 0 0 0 0 0 0 0 0 0 0 0 0 0 0 0 0 0 0 0 0 0 0 0 0 0 0 0 0 0 0 0 0 0 0 0 0 0 0 0 0 0 0 0 0 0 0 0 0 0 0 0 0 0 0 0 0 0 0 0 0 0 0 0 0 0 0 0 0 0 0 0 0 0 0 0 0 0 0 0 0 0 0 0 0 0 0 0 0 0 0 0 0 0 0 0 0 0 0 0 0 0 0 0 0 0 0 0 0 0
0 0 0 0 0 0 0 0 0 0 0 0 0 0 0 1.6905 1.6905 1.6905 1.6905 1.6905 1.6905 1.6905 1.6905 1.6905 1.6905 1.6905 1.6905 1.6905 1.6905 1.6905 1.6905 1.6905 1.6905 1.6905 1.6905 1.6905 1.6905 1.6905 1.6905 1.6905 1.6905 1.6905 1.6905 1.6905 1.6905 0 0 0 0 0 0 0 0 0 0 0 0 0 0 0 0 0 0 0 0 0 0 0 0 0 0 0 0 0 0 0 0 0 0 0 0 0 0 0 0 0 0 0 0 0 0 0 0 0 0 0 0 0 0 0 0 0 0 0 0 0 0 0 0 0 0 0 0 0 0 0 0 0 0 0 0 0 0 0 0 0 0 0 0 0 0 0 0 0 0 0 0 0 0 0 0 0 0 0 0 0 0 0 0 0 0 0 0 0 0 0 0 0 0 0 0 0 0 0 0 0 0 0 0 0 0 0 0 0 0 0 0 0 0 0
0 0 0 0 0 0 0 0 0 0 0 0 0 0 0 1.6905 1.6905 1.6905 1.6905 1.6905 1.6905 1.6905 1.6905 1.6905 1.6905 1.6905 1.6905 1.6905 1.6905 1.6905 1.6905 1.6905 1.6905 1.6905 1.6905 1.6905 1.6905 1.6905 1.6905 1.6905 1.6905 1.6905 1.6905 1.6905 1.6905 0 0 0 0 0 0 0 0 0 0 0 0 0 0 0 0 0 0 0 0 0 0 0 0 0 0 0 0 0 0 0 0 0 0 0 0 0 0 0 0 0 0 0 0 0 0 0 0 0 0 0 0 0 0 0 0 0 0 0 0 0 0 0 0 0 0 0 0 0 0 0 0 0 0 0 0 0 0 0 0 0 0 0 0 0 0 0 0 0 0 0 0 0 0 0 0 0 0 0 0 0 0 0 0 0 0 0 0 0 0 0 0 0 0 0 0 0 0 0 0 0 0 0 0 0 0 0 0 0 0 0 0 0 0 0
0 0 0 0 0 0 0 0 0 0 0 0 0 0 0 1.6905 1.6905 1.6905 1.6905 1.6905 1.6905 1.6905 1.6905 1.6905 1.6905 1.6905 1.6905 1.6905 1.6905 1.6905 1.6905 1.6905 1.6905 1.6905 1.6905 1.6905 1.6905 1.6905 1.6905 1.6905 1.6905 1.6905 1.6905 1.6905 1.6905 0 0 0 0 0 0 0 0 0 0 0 0 0 0 0 0 0 0 0 0 0 0 0 0 0 0 0 0 0 0 0 0 0 0 0 0 0 0 0 0 0 0 0 0 0 0 0 0 0 0 0 0 0 0 0 0 0 0 0 0 0 0 0 0 0 0 0 0 0 0 0 0 0 0 0 0 0 0 0 0 0 0 0 0 0 0 0 0 0 0 0 0 0 0 0 0 0 0 0 0 0 0 0 0 0 0 0 0 0 0 0 0 0 0 0 0 0 0 0 0 0 0 0 0 0 0 0 0 0 0 0 0 0 0 0
0 0 0 0 0 0 0 0 0 0 0 0 0 0 0 1.6905 1.6905 1.6905 1.6905 1.6905 1.6905 1.6905 1.6905 1.6905 1.6905 1.6905 1.6905 1.6905 1.6905 1.6905 1.6905 1.6905 1.6905 1.6905 1.6905 1.6905 1.6905 1.6905 1.6905 1.6905 1.6905 1.6905 1.6905 1.6905 1.6905 0 0 0 0 0 0 0 0 0 0 0 0 0 0 0 0 0 0 0 0 0 0 0 0 0 0 0 0 0 0 0 0 0 0 0 0 0 0 0 0 0 0 0 0 0 0 0 0 0 0 0 0 0 0 0 0 0 0 0 0 0 0 0 0 0 0 0 0 0 0 0 0 0 0 0 0 0 0 0 0 0 0 0 0 0 0 0 0 0 0 0 0 0 0 0 0 0 0 0 0 0 0 0 0 0 0 0 0 0 0 0 0 0 0 0 0 0 0 0 0 0 0 0 0 0 0 0 0 0 0 0 0 0 0 0
0 0 0 0 0 0 0 0 0 0 0 0 0 0 0 1.6905 1.6905 1.6905 1.6905 1.6905 1.6905 1.6905 1.6905 1.6905 1.6905 1.6905 1.6905 1.6905 1.6905 1.6905 1.6905 1.6905 1.6905 1.6905 1.6905 1.6905 1.6905 1.6905 1.6905 1.6905 1.6905 1.6905 1.6905 1.6905 1.6905 0 0 0 0 0 0 0 0 0 0 0 0 0 0 0 0 0 0 0 0 0 0 0 0 0 0 0 0 0 0 0 0 0 0 0 0 0 0 0 0 0 0 0 0 0 0 0 0 0 0 0 0 0 0 0 0 0 0 0 0 0 0 0 0 0 0 0 0 0 0 0 0 0 0 0 0 0 0 0 0 0 0 0 0 0 0 0 0 0 0 0 0 0 0 0 0 0 0 0 0 0 0 0 0 0 0 0 0 0 0 0 0 0 0 0 0 0 0 0 0 0 0 0 0 0 0 0 0 0 0 0 0 0 0 0
0 0 0 0 0 0 0 0 0 0 0 0 0 0 0 1.6905 1.6905 1.6905 1.6905 1.6905 1.6905 1.6905 1.6905 1.6905 1.6905 1.6905 1.6905 1.6905 1.6905 1.6905 1.6905 1.6905 1.6905 1.6905 1.6905 1.6905 1.6905 1.6905 1.6905 1.6905 1.6905 1.6905 1.6905 1.6905 1.6905 0 0 0 0 0 0 0 0 0 0 0 0 0 0 0 0 0 0 0 0 0 0 0 0 0 0 0 0 0 0 0 0 0 0 0 0 0 0 0 0 0 0 0 0 0 0 0 0 0 0 0 0 0 0 0 0 0 0 0 0 0 0 0 0 0 0 0 0 0 0 0 0 0 0 0 0 0 0 0 0 0 0 0 0 0 0 0 0 0 0 0 0 0 0 0 0 0 0 0 0 0 0 0 0 0 0 0 0 0 0 0 0 0 0 0 0 0 0 0 0 0 0 0 0 0 0 0 0 0 0 0 0 0 0 0
0 0 0 0 0 0 0 0 0 0 0 0 0 0 0 1.6905 1.6905 1.6905 1.6905 1.6905 1.6905 1.6905 1.6905 1.6905 1.6905 1.6905 1.6905 1.6905 1.6905 1.6905 1.6905 1.6905 1.6905 1.6905 1.6905 1.6905 1.6905 1.6905 1.6905 1.6905 1.6905 1.6905 1.6905 1.6905 1.6905 0 0 0 0 0 0 0 0 0 0 0 0 0 0 0 0 0 0 0 0 0 0 0 0 0 0 0 0 0 0 0 0 0 0 0 0 0 0 0 0 0 0 0 0 0 0 0 0 0 0 0 0 0 0 0 0 0 0 0 0 0 0 0 0 0 0 0 0 0 0 0 0 0 0 0 0 0 0 0 0 0 0 0 0 0 0 0 0 0 0 0 0 0 0 0 0 0 0 0 0 0 0 0 0 0 0 0 0 0 0 0 0 0 0 0 0 0 0 0 0 0 0 0 0 0 0 0 0 0 0 0 0 0 0 0
0 0 0 0 0 0 0 0 0 0 0 0 0 0 0 1.6905 1.6905 1.6905 1.6905 1.6905 1.6905 1.6905 1.6905 1.6905 1.6905 1.6905 1.6905 1.6905 1.6905 1.6905 1.6905 1.6905 1.6905 1.6905 1.6905 1.6905 1.6905 1.6905 1.6905 1.6905 1.6905 1.6905 1.6905 1.6905 1.6905 0 0 0 0 0 0 0 0 0 0 0 0 0 0 0 0 0 0 0 0 0 0 0 0 0 0 0 0 0 0 0 0 0 0 0 0 0 0 0 0 0 0 0 0 0 0 0 0 0 0 0 0 0 0 0 0 0 0 0 0 0 0 0 0 0 0 0 0 0 0 0 0 0 0 0 0 0 0 0 0 0 0 0 0 0 0 0 0 0 0 0 0 0 0 0 0 0 0 0 0 0 0 0 0 0 0 0 0 0 0 0 0 0 0 0 0 0 0 0 0 0 0 0 0 0 0 0 0 0 0 0 0 0 0 0
0 0 0 0 0 0 0 0 0 0 0 0 0 0 0 1.6905 1.6905 1.6905 1.6905 1.6905 1.6905 1.6905 1.6905 1.6905 1.6905 1.6905 1.6905 1.6905 1.6905 1.6905 1.6905 1.6905 1.6905 1.6905 1.6905 1.6905 1.6905 1.6905 1.6905 1.6905 1.6905 1.6905 1.6905 1.6905 1.6905 0 0 0 0 0 0 0 0 0 0 0 0 0 0 0 0 0 0 0 0 0 0 0 0 0 0 0 0 0 0 0 0 0 0 0 0 0 0 0 0 0 0 0 0 0 0 0 0 0 0 0 0 0 0 0 0 0 0 0 0 0 0 0 0 0 0 0 0 0 0 0 0 0 0 0 0 0 0 0 0 0 0 0 0 0 0 0 0 0 0 0 0 0 0 0 0 0 0 0 0 0 0 0 0 0 0 0 0 0 0 0 0 0 0 0 0 0 0 0 0 0 0 0 0 0 0 0 0 0 0 0 0 0 0 0
0 0 0 0 0 0 0 0 0 0 0 0 0 0 0 1.6905 1.6905 1.6905 1.6905 1.6905 1.6905 1.6905 1.6905 1.6905 1.6905 1.6905 1.6905 1.6905 1.6905 1.6905 1.6905 1.6905 1.6905 1.6905 1.6905 1.6905 1.6905 1.6905 1.6905 1.6905 1.6905 1.6905 1.6905 1.6905 1.6905 0 0 0 0 0 0 0 0 0 0 0 0 0 0 0 0 0 0 0 0 0 0 0 0 0 0 0 0 0 0 0 0 0 0 0 0 0 0 0 0 0 0 0 0 0 0 0 0 0 0 0 0 0 0 0 0 0 0 0 0 0 0 0 0 0 0 0 0 0 0 0 0 0 0 0 0 0 0 0 0 0 0 0 0 0 0 0 0 0 0 0 0 0 0 0 0 0 0 0 0 0 0 0 0 0 0 0 0 0 0 0 0 0 0 0 0 0 0 0 0 0 0 0 0 0 0 0 0 0 0 0 0 0 0 0
0 0 0 0 0 0 0 0 0 0 0 0 0 0 0 1.6905 1.6905 1.6905 1.6905 1.6905 1.6905 1.6905 1.6905 1.6905 1.6905 1.6905 1.6905 1.6905 1.6905 1.6905 1.6905 1.6905 1.6905 1.6905 1.6905 1.6905 1.6905 1.6905 1.6905 1.6905 1.6905 1.6905 1.6905 1.6905 1.6905 0 0 0 0 0 0 0 0 0 0 0 0 0 0 0 0 0 0 0 0 0 0 0 0 0 0 0 0 0 0 0 0 0 0 0 0 0 0 0 0 0 0 0 0 0 0 0 0 0 0 0 0 0 0 0 0 0 0 0 0 0 0 0 0 0 0 0 0 0 0 0 0 0 0 0 0 0 0 0 0 0 0 0 0 0 0 0 0 0 0 0 0 0 0 0 0 0 0 0 0 0 0 0 0 0 0 0 0 0 0 0 0 0 0 0 0 0 0 0 0 0 0 0 0 0 0 0 0 0 0 0 0 0 0 0
0 0 0 0 0 0 0 0 0 0 0 0 0 0 0 1.6905 1.6905 1.6905 1.6905 1.6905 1.6905 1.6905 1.6905 1.6905 1.6905 1.6905 1.6905 1.6905 1.6905 1.6905 1.6905 1.6905 1.6905 1.6905 1.6905 1.6905 1.6905 1.6905 1.6905 1.6905 1.6905 1.6905 1.6905 1.6905 1.6905 0 0 0 0 0 0 0 0 0 0 0 0 0 0 0 0 0 0 0 0 0 0 0 0 0 0 0 0 0 0 0 0 0 0 0 0 0 0 0 0 0 0 0 0 0 0 0 0 0 0 0 0 0 0 0 0 0 0 0 0 0 0 0 0 0 0 0 0 0 0 0 0 0 0 0 0 0 0 0 0 0 0 0 0 0 0 0 0 0 0 0 0 0 0 0 0 0 0 0 0 0 0 0 0 0 0 0 0 0 0 0 0 0 0 0 0 0 0 0 0 0 0 0 0 0 0 0 0 0 0 0 0 0 0 0
0 0 0 0 0 0 0 0 0 0 0 0 0 0 0 1.6905 1.6905 1.6905 1.6905 1.6905 1.6905 1.6905 1.6905 1.6905 1.6905 1.6905 1.6905 1.6905 1.6905 1.6905 1.6905 1.6905 1.6905 1.6905 1.6905 1.6905 1.6905 1.6905 1.6905 1.6905 1.6905 1.6905 1.6905 1.6905 1.6905 0 0 0 0 0 0 0 0 0 0 0 0 0 0 0 0 0 0 0 0 0 0 0 0 0 0 0 0 0 0 0 0 0 0 0 0 0 0 0 0 0 0 0 0 0 0 0 0 0 0 0 0 0 0 0 0 0 0 0 0 0 0 0 0 0 0 0 0 0 0 0 0 0 0 0 0 0 0 0 0 0 0 0 0 0 0 0 0 0 0 0 0 0 0 0 0 0 0 0 0 0 0 0 0 0 0 0 0 0 0 0 0 0 0 0 0 0 0 0 0 0 0 0 0 0 0 0 0 0 0 0 0 0 0 0
0 0 0 0 0 0 0 0 0 0 0 0 0 0 0 1.6905 1.6905 1.6905 1.6905 1.6905 1.6905 1.6905 1.6905 1.6905 1.6905 1.6905 1.6905 1.6905 1.6905 1.6905 1.6905 1.6905 1.6905 1.6905 1.6905 1.6905 1.6905 1.6905 1.6905 1.6905 1.6905 1.6905 1.6905 1.6905 1.6905 0 0 0 0 0 0 0 0 0 0 0 0 0 0 0 0 0 0 0 0 0 0 0 0 0 0 0 0 0 0 0 0 0 0 0 0 0 0 0 0 0 0 0 0 0 0 0 0 0 0 0 0 0 0 0 0 0 0 0 0 0 0 0 0 0 0 0 0 0 0 0 0 0 0 0 0 0 0 0 0 0 0 0 0 0 0 0 0 0 0 0 0 0 0 0 0 0 0 0 0 0 0 0 0 0 0 0 0 0 0 0 0 0 0 0 0 0 0 0 0 0 0 0 0 0 0 0 0 0 0 0 0 0 0 0
0 0 0 0 0 0 0 0 0 0 0 0 0 0 0 1.6905 1.6905 1.6905 1.6905 1.6905 1.6905 1.6905 1.6905 1.6905 1.6905 1.6905 1.6905 1.6905 1.6905 1.6905 1.6905 1.6905 1.6905 1.6905 1.6905 1.6905 1.6905 1.6905 1.6905 1.6905 1.6905 1.6905 1.6905 1.6905 1.6905 0 0 0 0 0 0 0 0 0 0 0 0 0 0 0 0 0 0 0 0 0 0 0 0 0 0 0 0 0 0 0 0 0 0 0 0 0 0 0 0 0 0 0 0 0 0 0 0 0 0 0 0 0 0 0 0 0 0 0 0 0 0 0 0 0 0 0 0 0 0 0 0 0 0 0 0 0 0 0 0 0 0 0 0 0 0 0 0 0 0 0 0 0 0 0 0 0 0 0 0 0 0 0 0 0 0 0 0 0 0 0 0 0 0 0 0 0 0 0 0 0 0 0 0 0 0 0 0 0 0 0 0 0 0 0
0 0 0 0 0 0 0 0 0 0 0 0 0 0 0 1.6905 1.6905 1.6905 1.6905 1.6905 1.6905 1.6905 1.6905 1.6905 1.6905 1.6905 1.6905 1.6905 1.6905 1.6905 1.6905 1.6905 1.6905 1.6905 1.6905 1.6905 1.6905 1.6905 1.6905 1.6905 1.6905 1.6905 1.6905 1.6905 1.6905 0 0 0 0 0 0 0 0 0 0 0 0 0 0 0 0 0 0 0 0 0 0 0 0 0 0 0 0 0 0 0 0 0 0 0 0 0 0 0 0 0 0 0 0 0 0 0 0 0 0 0 0 0 0 0 0 0 0 0 0 0 0 0 0 0 0 0 0 0 0 0 0 0 0 0 0 0 0 0 0 0 0 0 0 0 0 0 0 0 0 0 0 0 0 0 0 0 0 0 0 0 0 0 0 0 0 0 0 0 0 0 0 0 0 0 0 0 0 0 0 0 0 0 0 0 0 0 0 0 0 0 0 0 0 0
0 0 0 0 0 0 0 0 0 0 0 0 0 0 0 1.6905 1.6905 1.6905 1.6905 1.6905 1.6905 1.6905 1.6905 1.6905 1.6905 1.6905 1.6905 1.6905 1.6905 1.6905 1.6905 1.6905 1.6905 1.6905 1.6905 1.6905 1.6905 1.6905 1.6905 1.6905 1.6905 1.6905 1.6905 1.6905 1.6905 0 0 0 0 0 0 0 0 0 0 0 0 0 0 0 0 0 0 0 0 0 0 0 0 0 0 0 0 0 0 0 0 0 0 0 0 0 0 0 0 0 0 0 0 0 0 0 0 0 0 0 0 0 0 0 0 0 0 0 0 0 0 0 0 0 0 0 0 0 0 0 0 0 0 0 0 0 0 0 0 0 0 0 0 0 0 0 0 0 0 0 0 0 0 0 0 0 0 0 0 0 0 0 0 0 0 0 0 0 0 0 0 0 0 0 0 0 0 0 0 0 0 0 0 0 0 0 0 0 0 0 0 0 0 0
0 0 0 0 0 0 0 0 0 0 0 0 0 0 0 1.6905 1.6905 1.6905 1.6905 1.6905 1.6905 1.6905 1.6905 1.6905 1.6905 1.6905 1.6905 1.6905 1.6905 1.6905 1.6905 1.6905 1.6905 1.6905 1.6905 1.6905 1.6905 1.6905 1.6905 1.6905 1.6905 1.6905 1.6905 1.6905 1.6905 0 0 0 0 0 0 0 0 0 0 0 0 0 0 0 0 0 0 0 0 0 0 0 0 0 0 0 0 0 0 0 0 0 0 0 0 0 0 0 0 0 0 0 0 0 0 0 0 0 0 0 0 0 0 0 0 0 0 0 0 0 0 0 0 0 0 0 0 0 0 0 0 0 0 0 0 0 0 0 0 0 0 0 0 0 0 0 0 0 0 0 0 0 0 0 0 0 0 0 0 0 0 0 0 0 0 0 0 0 0 0 0 0 0 0 0 0 0 0 0 0 0 0 0 0 0 0 0 0 0 0 0 0 0 0
0 0 0 0 0 0 0 0 0 0 0 0 0 0 0 1.6905 1.6905 1.6905 1.6905 1.6905 1.6905 1.6905 1.6905 1.6905 1.6905 1.6905 1.6905 1.6905 1.6905 1.6905 1.6905 1.6905 1.6905 1.6905 1.6905 1.6905 1.6905 1.6905 1.6905 1.6905 1.6905 1.6905 1.6905 1.6905 1.6905 0 0 0 0 0 0 0 0 0 0 0 0 0 0 0 0 0 0 0 0 0 0 0 0 0 0 0 0 0 0 0 0 0 0 0 0 0 0 0 0 0 0 0 0 0 0 0 0 0 0 0 0 0 0 0 0 0 0 0 0 0 0 0 0 0 0 0 0 0 0 0 0 0 0 0 0 0 0 0 0 0 0 0 0 0 0 0 0 0 0 0 0 0 0 0 0 0 0 0 0 0 0 0 0 0 0 0 0 0 0 0 0 0 0 0 0 0 0 0 0 0 0 0 0 0 0 0 0 0 0 0 0 0 0 0
0 0 0 0 0 0 0 0 0 0 0 0 0 0 0 1.6905 1.6905 1.6905 1.6905 1.6905 1.6905 1.6905 1.6905 1.6905 1.6905 1.6905 1.6905 1.6905 1.6905 1.6905 1.6905 1.6905 1.6905 1.6905 1.6905 1.6905 1.6905 1.6905 1.6905 1.6905 1.6905 1.6905 1.6905 1.6905 1.6905 0 0 0 0 0 0 0 0 0 0 0 0 0 0 0 0 0 0 0 0 0 0 0 0 0 0 0 0 0 0 0 0 0 0 0 0 0 0 0 0 0 0 0 0 0 0 0 0 0 0 0 0 0 0 0 0 0 0 0 0 0 0 0 0 0 0 0 0 0 0 0 0 0 0 0 0 0 0 0 0 0 0 0 0 0 0 0 0 0 0 0 0 0 0 0 0 0 0 0 0 0 0 0 0 0 0 0 0 0 0 0 0 0 0 0 0 0 0 0 0 0 0 0 0 0 0 0 0 0 0 0 0 0 0 0
0 0 0 0 0 0 0 0 0 0 0 0 0 0 0 1.6905 1.6905 1.6905 1.6905 1.6905 1.6905 1.6905 1.6905 1.6905 1.6905 1.6905 1.6905 1.6905 1.6905 1.6905 1.6905 1.6905 1.6905 1.6905 1.6905 1.6905 1.6905 1.6905 1.6905 1.6905 1.6905 1.6905 1.6905 1.6905 1.6905 0 0 0 0 0 0 0 0 0 0 0 0 0 0 0 0 0 0 0 0 0 0 0 0 0 0 0 0 0 0 0 0 0 0 0 0 0 0 0 0 0 0 0 0 0 0 0 0 0 0 0 0 0 0 0 0 0 0 0 0 0 0 0 0 0 0 0 0 0 0 0 0 0 0 0 0 0 0 0 0 0 0 0 0 0 0 0 0 0 0 0 0 0 0 0 0 0 0 0 0 0 0 0 0 0 0 0 0 0 0 0 0 0 0 0 0 0 0 0 0 0 0 0 0 0 0 0 0 0 0 0 0 0 0 0
0 0 0 0 0 0 0 0 0 0 0 0 0 0 0 1.6905 1.6905 1.6905 1.6905 1.6905 1.6905 1.6905 1.6905 1.6905 1.6905 1.6905 1.6905 1.6905 1.6905 1.6905 1.6905 1.6905 1.6905 1.6905 1.6905 1.6905 1.6905 1.6905 1.6905 1.6905 1.6905 1.6905 1.6905 1.6905 1.6905 0 0 0 0 0 0 0 0 0 0 0 0 0 0 0 0 0 0 0 0 0 0 0 0 0 0 0 0 0 0 0 0 0 0 0 0 0 0 0 0 0 0 0 0 0 0 0 0 0 0 0 0 0 0 0 0 0 0 0 0 0 0 0 0 0 0 0 0 0 0 0 0 0 0 0 0 0 0 0 0 0 0 0 0 0 0 0 0 0 0 0 0 0 0 0 0 0 0 0 0 0 0 0 0 0 0 0 0 0 0 0 0 0 0 0 0 0 0 0 0 0 0 0 0 0 0 0 0 0 0 0 0 0 0 0
0 0 0 0 0 0 0 0 0 0 0 0 0 0 0 1.6905 1.6905 1.6905 1.6905 1.6905 1.6905 1.6905 1.6905 1.6905 1.6905 1.6905 1.6905 1.6905 1.6905 1.6905 1.6905 1.6905 1.6905 1.6905 1.6905 1.6905 1.6905 1.6905 1.6905 1.6905 1.6905 1.6905 1.6905 1.6905 1.6905 0 0 0 0 0 0 0 0 0 0 0 0 0 0 0 0 0 0 0 0 0 0 0 0 0 0 0 0 0 0 0 0 0 0 0 0 0 0 0 0 0 0 0 0 0 0 0 0 0 0 0 0 0 0 0 0 0 0 0 0 0 0 0 0 0 0 0 0 0 0 0 0 0 0 0 0 0 0 0 0 0 0 0 0 0 0 0 0 0 0 0 0 0 0 0 0 0 0 0 0 0 0 0 0 0 0 0 0 0 0 0 0 0 0 0 0 0 0 0 0 0 0 0 0 0 0 0 0 0 0 0 0 0 0 0
0 0 0 0 0 0 0 0 0 0 0 0 0 0 0 1.6905 1.6905 1.6905 1.6905 1.6905 1.6905 1.6905 1.6905 1.6905 1.6905 1.6905 1.6905 1.6905 1.6905 1.6905 1.6905 1.6905 1.6905 1.6905 1.6905 1.6905 1.6905 1.6905 1.6905 1.6905 1.6905 1.6905 1.6905 1.6905 1.6905 0 0 0 0 0 0 0 0 0 0 0 0 0 0 0 0 0 0 0 0 0 0 0 0 0 0 0 0 0 0 0 0 0 0 0 0 0 0 0 0 0 0 0 0 0 0 0 0 0 0 0 0 0 0 0 0 0 0 0 0 0 0 0 0 0 0 0 0 0 0 0 0 0 0 0 0 0 0 0 0 0 0 0 0 0 0 0 0 0 0 0 0 0 0 0 0 0 0 0 0 0 0 0 0 0 0 0 0 0 0 0 0 0 0 0 0 0 0 0 0 0 0 0 0 0 0 0 0 0 0 0 0 0 0 0
0 0 0 0 0 0 0 0 0 0 0 0 0 0 0 1.6905 1.6905 1.6905 1.6905 1.6905 1.6905 1.6905 1.6905 1.6905 1.6905 1.6905 1.6905 1.6905 1.6905 1.6905 1.6905 1.6905 1.6905 1.6905 1.6905 1.6905 1.6905 1.6905 1.6905 1.6905 1.6905 1.6905 1.6905 1.6905 1.6905 0 0 0 0 0 0 0 0 0 0 0 0 0 0 0 0 0 0 0 0 0 0 0 0 0 0 0 0 0 0 0 0 0 0 0 0 0 0 0 0 0 0 0 0 0 0 0 0 0 0 0 0 0 0 0 0 0 0 0 0 0 0 0 0 0 0 0 0 0 0 0 0 0 0 0 0 0 0 0 0 0 0 0 0 0 0 0 0 0 0 0 0 0 0 0 0 0 0 0 0 0 0 0 0 0 0 0 0 0 0 0 0 0 0 0 0 0 0 0 0 0 0 0 0 0 0 0 0 0 0 0 0 0 0 0
0 0 0 0 0 0 0 0 0 0 0 0 0 0 0 1.6905 1.6905 1.6905 1.6905 1.6905 1.6905 1.6905 1.6905 1.6905 1.6905 1.6905 1.6905 1.6905 1.6905 1.6905 1.6905 1.6905 1.6905 1.6905 1.6905 1.6905 1.6905 1.6905 1.6905 1.6905 1.6905 1.6905 1.6905 1.6905 1.6905 0 0 0 0 0 0 0 0 0 0 0 0 0 0 0 0 0 0 0 0 0 0 0 0 0 0 0 0 0 0 0 0 0 0 0 0 0 0 0 0 0 0 0 0 0 0 0 0 0 0 0 0 0 0 0 0 0 0 0 0 0 0 0 0 0 0 0 0 0 0 0 0 0 0 0 0 0 0 0 0 0 0 0 0 0 0 0 0 0 0 0 0 0 0 0 0 0 0 0 0 0 0 0 0 0 0 0 0 0 0 0 0 0 0 0 0 0 0 0 0 0 0 0 0 0 0 0 0 0 0 0 0 0 0 0
0 0 0 0 0 0 0 0 0 0 0 0 0 0 0 1.6905 1.6905 1.6905 1.6905 1.6905 1.6905 1.6905 1.6905 1.6905 1.6905 1.6905 1.6905 1.6905 1.6905 1.6905 1.6905 1.6905 1.6905 1.6905 1.6905 1.6905 1.6905 1.6905 1.6905 1.6905 1.6905 1.6905 1.6905 1.6905 1.6905 0 0 0 0 0 0 0 0 0 0 0 0 0 0 0 0 0 0 0 0 0 0 0 0 0 0 0 0 0 0 0 0 0 0 0 0 0 0 0 0 0 0 0 0 0 0 0 0 0 0 0 0 0 0 0 0 0 0 0 0 0 0 0 0 0 0 0 0 0 0 0 0 0 0 0 0 0 0 0 0 0 0 0 0 0 0 0 0 0 0 0 0 0 0 0 0 0 0 0 0 0 0 0 0 0 0 0 0 0 0 0 0 0 0 0 0 0 0 0 0 0 0 0 0 0 0 0 0 0 0 0 0 0 0 0
0 0 0 0 0 0 0 0 0 0 0 0 0 0 0 1.6905 1.6905 1.6905 1.6905 1.6905 1.6905 1.6905 1.6905 1.6905 1.6905 1.6905 1.6905 1.6905 1.6905 1.6905 1.6905 1.6905 1.6905 1.6905 1.6905 1.6905 1.6905 1.6905 1.6905 1.6905 1.6905 1.6905 1.6905 1.6905 1.6905 0 0 0 0 0 0 0 0 0 0 0 0 0 0 0 0 0 0 0 0 0 0 0 0 0 0 0 0 0 0 0 0 0 0 0 0 0 0 0 0 0 0 0 0 0 0 0 0 0 0 0 0 0 0 0 0 0 0 0 0 0 0 0 0 0 0 0 0 0 0 0 0 0 0 0 0 0 0 0 0 0 0 0 0 0 0 0 0 0 0 0 0 0 0 0 0 0 0 0 0 0 0 0 0 0 0 0 0 0 0 0 0 0 0 0 0 0 0 0 0 0 0 0 0 0 0 0 0 0 0 0 0 0 0 0
0 0 0 0 0 0 0 0 0 0 0 0 0 0 0 1.6905 1.6905 1.6905 1.6905 1.6905 1.6905 1.6905 1.6905 1.6905 1.6905 1.6905 1.6905 1.6905 1.6905 1.6905 1.6905 1.6905 1.6905 1.6905 1.6905 1.6905 1.6905 1.6905 1.6905 1.6905 1.6905 1.6905 1.6905 1.6905 1.6905 0 0 0 0 0 0 0 0 0 0 0 0 0 0 0 0 0 0 0 0 0 0 0 0 0 0 0 0 0 0 0 0 0 0 0 0 0 0 0 0 0 0 0 0 0 0 0 0 0 0 0 0 0 0 0 0 0 0 0 0 0 0 0 0 0 0 0 0 0 0 0 0 0 0 0 0 0 0 0 0 0 0 0 0 0 0 0 0 0 0 0 0 0 0 0 0 0 0 0 0 0 0 0 0 0 0 0 0 0 0 0 0 0 0 0 0 0 0 0 0 0 0 0 0 0 0 0 0 0 0 0 0 0 0 0
0 0 0 0 0 0 0 0 0 0 0 0 0 0 0 1.6905 1.6905 1.6905 1.6905 1.6905 1.6905 1.6905 1.6905 1.6905 1.6905 1.6905 1.6905 1.6905 1.6905 1.6905 1.6905 1.6905 1.6905 1.6905 1.6905 1.6905 1.6905 1.6905 1.6905 1.6905 1.6905 1.6905 1.6905 1.6905 1.6905 0 0 0 0 0 0 0 0 0 0 0 0 0 0 0 0 0 0 0 0 0 0 0 0 0 0 0 0 0 0 0 0 0 0 0 0 0 0 0 0 0 0 0 0 0 0 0 0 0 0 0 0 0 0 0 0 0 0 0 0 0 0 0 0 0 0 0 0 0 0 0 0 0 0 0 0 0 0 0 0 0 0 0 0 0 0 0 0 0 0 0 0 0 0 0 0 0 0 0 0 0 0 0 0 0 0 0 0 0 0 0 0 0 0 0 0 0 0 0 0 0 0 0 0 0 0 0 0 0 0 0 0 0 0 0
0 0 0 0 0 0 0 0 0 0 0 0 0 0 0 1.6905 1.6905 1.6905 1.6905 1.6905 1.6905 1.6905 1.6905 1.6905 1.6905 1.6905 1.6905 1.6905 1.6905 1.6905 1.6905 1.6905 1.6905 1.6905 1.6905 1.6905 1.6905 1.6905 1.6905 1.6905 1.6905 1.6905 1.6905 1.6905 1.6905 0 0 0 0 0 0 0 0 0 0 0 0 0 0 0 0 0 0 0 0 0 0 0 0 0 0 0 0 0 0 0 0 0 0 0 0 0 0 0 0 0 0 0 0 0 0 0 0 0 0 0 0 0 0 0 0 0 0 0 0 0 0 0 0 0 0 0 0 0 0 0 0 0 0 0 0 0 0 0 0 0 0 0 0 0 0 0 0 0 0 0 0 0 0 0 0 0 0 0 0 0 0 0 0 0 0 0 0 0 0 0 0 0 0 0 0 0 0 0 0 0 0 0 0 0 0 0 0 0 0 0 0 0 0 0
0 0 0 0 0 0 0 0 0 0 0 0 0 0 0 1.6905 1.6905 1.6905 1.6905 1.6905 1.6905 1.6905 1.6905 1.6905 1.6905 1.6905 1.6905 1.6905 1.6905 1.6905 1.6905 1.6905 1.6905 1.6905 1.6905 1.6905 1.6905 1.6905 1.6905 1.6905 1.6905 1.6905 1.6905 1.6905 1.6905 0 0 0 0 0 0 0 0 0 0 0 0 0 0 0 0 0 0 0 0 0 0 0 0 0 0 0 0 0 0 0 0 0 0 0 0 0 0 0 0 0 0 0 0 0 0 0 0 0 0 0 0 0 0 0 0 0 0 0 0 0 0 0 0 0 0 0 0 0 0 0 0 0 0 0 0 0 0 0 0 0 0 0 0 0 0 0 0 0 0 0 0 0 0 0 0 0 0 0 0 0 0 0 0 0 0 0 0 0 0 0 0 0 0 0 0 0 0 0 0 0 0 0 0 0 0 0 0 0 0 0 0 0 0 0
0 0 0 0 0 0 0 0 0 0 0 0 0 0 0 1.6905 1.6905 1.6905 1.6905 1.6905 1.6905 1.6905 1.6905 1.6905 1.6905 1.6905 1.6905 1.6905 1.6905 1.6905 1.6905 1.6905 1.6905 1.6905 1.6905 1.6905 1.6905 1.6905 1.6905 1.6905 1.6905 1.6905 1.6905 1.6905 1.6905 0 0 0 0 0 0 0 0 0 0 0 0 0 0 0 0 0 0 0 0 0 0 0 0 0 0 0 0 0 0 0 0 0 0 0 0 0 0 0 0 0 0 0 0 0 0 0 0 0 0 0 0 0 0 0 0 0 0 0 0 0 0 0 0 0 0 0 0 0 0 0 0 0 0 0 0 0 0 0 0 0 0 0 0 0 0 0 0 0 0 0 0 0 0 0 0 0 0 0 0 0 0 0 0 0 0 0 0 0 0 0 0 0 0 0 0 0 0 0 0 0 0 0 0 0 0 0 0 0 0 0 0 0 0 0
0 0 0 0 0 0 0 0 0 0 0 0 0 0 0 1.6905 1.6905 1.6905 1.6905 1.6905 1.6905 1.6905 1.6905 1.6905 1.6905 1.6905 1.6905 1.6905 1.6905 1.6905 1.6905 1.6905 1.6905 1.6905 1.6905 1.6905 1.6905 1.6905 1.6905 1.6905 1.6905 1.6905 1.6905 1.6905 1.6905 0 0 0 0 0 0 0 0 0 0 0 0 0 0 0 0 0 0 0 0 0 0 0 0 0 0 0 0 0 0 0 0 0 0 0 0 0 0 0 0 0 0 0 0 0 0 0 0 0 0 0 0 0 0 0 0 0 0 0 0 0 0 0 0 0 0 0 0 0 0 0 0 0 0 0 0 0 0 0 0 0 0 0 0 0 0 0 0 0 0 0 0 0 0 0 0 0 0 0 0 0 0 0 0 0 0 0 0 0 0 0 0 0 0 0 0 0 0 0 0 0 0 0 0 0 0 0 0 0 0 0 0 0 0 0
0 0 0 0 0 0 0 0 0 0 0 0 0 0 0 1.6905 1.6905 1.6905 1.6905 1.6905 1.6905 1.6905 1.6905 1.6905 1.6905 1.6905 1.6905 1.6905 1.6905 1.6905 1.6905 1.6905 1.6905 1.6905 1.6905 1.6905 1.6905 1.6905 1.6905 1.6905 1.6905 1.6905 1.6905 1.6905 1.6905 0 0 0 0 0 0 0 0 0 0 0 0 0 0 0 0 0 0 0 0 0 0 0 0 0 0 0 0 0 0 0 0 0 0 0 0 0 0 0 0 0 0 0 0 0 0 0 0 0 0 0 0 0 0 0 0 0 0 0 0 0 0 0 0 0 0 0 0 0 0 0 0 0 0 0 0 0 0 0 0 0 0 0 0 0 0 0 0 0 0 0 0 0 0 0 0 0 0 0 0 0 0 0 0 0 0 0 0 0 0 0 0 0 0 0 0 0 0 0 0 0 0 0 0 0 0 0 0 0 0 0 0 0 0 0
0 0 0 0 0 0 0 0 0 0 0 0 0 0 0 1.6905 1.6905 1.6905 1.6905 1.6905 1.6905 1.6905 1.6905 1.6905 1.6905 1.6905 1.6905 1.6905 1.6905 1.6905 1.6905 1.6905 1.6905 1.6905 1.6905 1.6905 1.6905 1.6905 1.6905 1.6905 1.6905 1.6905 1.6905 1.6905 1.6905 0 0 0 0 0 0 0 0 0 0 0 0 0 0 0 0 0 0 0 0 0 0 0 0 0 0 0 0 0 0 0 0 0 0 0 0 0 0 0 0 0 0 0 0 0 0 0 0 0 0 0 0 0 0 0 0 0 0 0 0 0 0 0 0 0 0 0 0 0 0 0 0 0 0 0 0 0 0 0 0 0 0 0 0 0 0 0 0 0 0 0 0 0 0 0 0 0 0 0 0 0 0 0 0 0 0 0 0 0 0 0 0 0 0 0 0 0 0 0 0 0 0 0 0 0 0 0 0 0 0 0 0 0 0 0
0 0 0 0 0 0 0 0 0 0 0 0 0 0 0 1.6905 1.6905 1.6905 1.6905 1.6905 1.6905 1.6905 1.6905 1.6905 1.6905 1.6905 1.6905 1.6905 1.6905 1.6905 1.6905 1.6905 1.6905 1.6905 1.6905 1.6905 1.6905 1.6905 1.6905 1.6905 1.6905 1.6905 1.6905 1.6905 1.6905 0 0 0 0 0 0 0 0 0 0 0 0 0 0 0 0 0 0 0 0 0 0 0 0 0 0 0 0 0 0 0 0 0 0 0 0 0 0 0 0 0 0 0 0 0 0 0 0 0 0 0 0 0 0 0 0 0 0 0 0 0 0 0 0 0 0 0 0 0 0 0 0 0 0 0 0 0 0 0 0 0 0 0 0 0 0 0 0 0 0 0 0 0 0 0 0 0 0 0 0 0 0 0 0 0 0 0 0 0 0 0 0 0 0 0 0 0 0 0 0 0 0 0 0 0 0 0 0 0 0 0 0 0 0 0
0 0 0 0 0 0 0 0 0 0 0 0 0 0 0 1.6905 1.6905 1.6905 1.6905 1.6905 1.6905 1.6905 1.6905 1.6905 1.6905 1.6905 1.6905 1.6905 1.6905 1.6905 1.6905 1.6905 1.6905 1.6905 1.6905 1.6905 1.6905 1.6905 1.6905 1.6905 1.6905 1.6905 1.6905 1.6905 1.6905 0 0 0 0 0 0 0 0 0 0 0 0 0 0 0 0 0 0 0 0 0 0 0 0 0 0 0 0 0 0 0 0 0 0 0 0 0 0 0 0 0 0 0 0 0 0 0 0 0 0 0 0 0 0 0 0 0 0 0 0 0 0 0 0 0 0 0 0 0 0 0 0 0 0 0 0 0 0 0 0 0 0 0 0 0 0 0 0 0 0 0 0 0 0 0 0 0 0 0 0 0 0 0 0 0 0 0 0 0 0 0 0 0 0 0 0 0 0 0 0 0 0 0 0 0 0 0 0 0 0 0 0 0 0 0
0 0 0 0 0 0 0 0 0 0 0 0 0 0 0 1.6905 1.6905 1.6905 1.6905 1.6905 1.6905 1.6905 1.6905 1.6905 1.6905 1.6905 1.6905 1.6905 1.6905 1.6905 1.6905 1.6905 1.6905 1.6905 1.6905 1.6905 1.6905 1.6905 1.6905 1.6905 1.6905 1.6905 1.6905 1.6905 1.6905 0 0 0 0 0 0 0 0 0 0 0 0 0 0 0 0 0 0 0 0 0 0 0 0 0 0 0 0 0 0 0 0 0 0 0 0 0 0 0 0 0 0 0 0 0 0 0 0 0 0 0 0 0 0 0 0 0 0 0 0 0 0 0 0 0 0 0 0 0 0 0 0 0 0 0 0 0 0 0 0 0 0 0 0 0 0 0 0 0 0 0 0 0 0 0 0 0 0 0 0 0 0 0 0 0 0 0 0 0 0 0 0 0 0 0 0 0 0 0 0 0 0 0 0 0 0 0 0 0 0 0 0 0 0 0
0 0 0 0 0 0 0 0 0 0 0 0 0 0 0 1.6905 1.6905 1.6905 1.6905 1.6905 1.6905 1.6905 1.6905 1.6905 1.6905 1.6905 1.6905 1.6905 1.6905 1.6905 1.6905 1.6905 1.6905 1.6905 1.6905 1.6905 1.6905 1.6905 1.6905 1.6905 1.6905 1.6905 1.6905 1.6905 1.6905 0 0 0 0 0 0 0 0 0 0 0 0 0 0 0 0 0 0 0 0 0 0 0 0 0 0 0 0 0 0 0 0 0 0 0 0 0 0 0 0 0 0 0 0 0 0 0 0 0 0 0 0 0 0 0 0 0 0 0 0 0 0 0 0 0 0 0 0 0 0 0 0 0 0 0 0 0 0 0 0 0 0 0 0 0 0 0 0 0 0 0 0 0 0 0 0 0 0 0 0 0 0 0 0 0 0 0 0 0 0 0 0 0 0 0 0 0 0 0 0 0 0 0 0 0 0 0 0 0 0 0 0 0 0 0
0 0 0 0 0 0 0 0 0 0 0 0 0 0 0 1.6905 1.6905 1.6905 1.6905 1.6905 1.6905 1.6905 1.6905 1.6905 1.6905 1.6905 1.6905 1.6905 1.6905 1.6905 1.6905 1.6905 1.6905 1.6905 1.6905 1.6905 1.6905 1.6905 1.6905 1.6905 1.6905 1.6905 1.6905 1.6905 1.6905 0 0 0 0 0 0 0 0 0 0 0 0 0 0 0 0 0 0 0 0 0 0 0 0 0 0 0 0 0 0 0 0 0 0 0 0 0 0 0 0 0 0 0 0 0 0 0 0 0 0 0 0 0 0 0 0 0 0 0 0 0 0 0 0 0 0 0 0 0 0 0 0 0 0 0 0 0 0 0 0 0 0 0 0 0 0 0 0 0 0 0 0 0 0 0 0 0 0 0 0 0 0 0 0 0 0 0 0 0 0 0 0 0 0 0 0 0 0 0 0 0 0 0 0 0 0 0 0 0 0 0 0 0 0 0
0 0 0 0 0 0 0 0 0 0 0 0 0 0 0 1.6905 1.6905 1.6905 1.6905 1.6905 1.6905 1.6905 1.6905 1.6905 1.6905 1.6905 1.6905 1.6905 1.6905 1.6905 1.6905 1.6905 1.6905 1.6905 1.6905 1.6905 1.6905 1.6905 1.6905 1.6905 1.6905 1.6905 1.6905 1.6905 1.6905 0 0 0 0 0 0 0 0 0 0 0 0 0 0 0 0 0 0 0 0 0 0 0 0 0 0 0 0 0 0 0 0 0 0 0 0 0 0 0 0 0 0 0 0 0 0 0 0 0 0 0 0 0 0 0 0 0 0 0 0 0 0 0 0 0 0 0 0 0 0 0 0 0 0 0 0 0 0 0 0 0 0 0 0 0 0 0 0 0 0 0 0 0 0 0 0 0 0 0 0 0 0 0 0 0 0 0 0 0 0 0 0 0 0 0 0 0 0 0 0 0 0 0 0 0 0 0 0 0 0 0 0 0 0 0
0 0 0 0 0 0 0 0 0 0 0 0 0 0 0 1.6905 1.6905 1.6905 1.6905 1.6905 1.6905 1.6905 1.6905 1.6905 1.6905 1.6905 1.6905 1.6905 1.6905 1.6905 1.6905 1.6905 1.6905 1.6905 1.6905 1.6905 1.6905 1.6905 1.6905 1.6905 1.6905 1.6905 1.6905 1.6905 1.6905 0 0 0 0 0 0 0 0 0 0 0 0 0 0 0 0 0 0 0 0 0 0 0 0 0 0 0 0 0 0 0 0 0 0 0 0 0 0 0 0 0 0 0 0 0 0 0 0 0 0 0 0 0 0 0 0 0 0 0 0 0 0 0 0 0 0 0 0 0 0 0 0 0 0 0 0 0 0 0 0 0 0 0 0 0 0 0 0 0 0 0 0 0 0 0 0 0 0 0 0 0 0 0 0 0 0 0 0 0 0 0 0 0 0 0 0 0 0 0 0 0 0 0 0 0 0 0 0 0 0 0 0 0 0 0
0 0 0 0 0 0 0 0 0 0 0 0 0 0 0 1.6905 1.6905 1.6905 1.6905 1.6905 1.6905 1.6905 1.6905 1.6905 1.6905 1.6905 1.6905 1.6905 1.6905 1.6905 1.6905 1.6905 1.6905 1.6905 1.6905 1.6905 1.6905 1.6905 1.6905 1.6905 1.6905 1.6905 1.6905 1.6905 1.6905 0 0 0 0 0 0 0 0 0 0 0 0 0 0 0 0 0 0 0 0 0 0 0 0 0 0 0 0 0 0 0 0 0 0 0 0 0 0 0 0 0 0 0 0 0 0 0 0 0 0 0 0 0 0 0 0 0 0 0 0 0 0 0 0 0 0 0 0 0 0 0 0 0 0 0 0 0 0 0 0 0 0 0 0 0 0 0 0 0 0 0 0 0 0 0 0 0 0 0 0 0 0 0 0 0 0 0 0 0 0 0 0 0 0 0 0 0 0 0 0 0 0 0 0 0 0 0 0 0 0 0 0 0 0 0
0 0 0 0 0 0 0 0 0 0 0 0 0 0 0 1.6905 1.6905 1.6905 1.6905 1.6905 1.6905 1.6905 1.6905 1.6905 1.6905 1.6905 1.6905 1.6905 1.6905 1.6905 1.6905 1.6905 1.6905 1.6905 1.6905 1.6905 1.6905 1.6905 1.6905 1.6905 1.6905 1.6905 1.6905 1.6905 1.6905 0 0 0 0 0 0 0 0 0 0 0 0 0 0 0 0 0 0 0 0 0 0 0 0 0 0 0 0 0 0 0 0 0 0 0 0 0 0 0 0 0 0 0 0 0 0 0 0 0 0 0 0 0 0 0 0 0 0 0 0 0 0 0 0 0 0 0 0 0 0 0 0 0 0 0 0 0 0 0 0 0 0 0 0 0 0 0 0 0 0 0 0 0 0 0 0 0 0 0 0 0 0 0 0 0 0 0 0 0 0 0 0 0 0 0 0 0 0 0 0 0 0 0 0 0 0 0 0 0 0 0 0 0 0 0
0 0 0 0 0 0 0 0 0 0 0 0 0 0 0 1.6905 1.6905 1.6905 1.6905 1.6905 1.6905 1.6905 1.6905 1.6905 1.6905 1.6905 1.6905 1.6905 1.6905 1.6905 1.6905 1.6905 1.6905 1.6905 1.6905 1.6905 1.6905 1.6905 1.6905 1.6905 1.6905 1.6905 1.6905 1.6905 1.6905 0 0 0 0 0 0 0 0 0 0 0 0 0 0 0 0 0 0 0 0 0 0 0 0 0 0 0 0 0 0 0 0 0 0 0 0 0 0 0 0 0 0 0 0 0 0 0 0 0 0 0 0 0 0 0 0 0 0 0 0 0 0 0 0 0 0 0 0 0 0 0 0 0 0 0 0 0 0 0 0 0 0 0 0 0 0 0 0 0 0 0 0 0 0 0 0 0 0 0 0 0 0 0 0 0 0 0 0 0 0 0 0 0 0 0 0 0 0 0 0 0 0 0 0 0 0 0 0 0 0 0 0 0 0 0
0 0 0 0 0 0 0 0 0 0 0 0 0 0 0 1.6905 1.6905 1.6905 1.6905 1.6905 1.6905 1.6905 1.6905 1.6905 1.6905 1.6905 1.6905 1.6905 1.6905 1.6905 1.6905 1.6905 1.6905 1.6905 1.6905 1.6905 1.6905 1.6905 1.6905 1.6905 1.6905 1.6905 1.6905 1.6905 1.6905 0 0 0 0 0 0 0 0 0 0 0 0 0 0 0 0 0 0 0 0 0 0 0 0 0 0 0 0 0 0 0 0 0 0 0 0 0 0 0 0 0 0 0 0 0 0 0 0 0 0 0 0 0 0 0 0 0 0 0 0 0 0 0 0 0 0 0 0 0 0 0 0 0 0 0 0 0 0 0 0 0 0 0 0 0 0 0 0 0 0 0 0 0 0 0 0 0 0 0 0 0 0 0 0 0 0 0 0 0 0 0 0 0 0 0 0 0 0 0 0 0 0 0 0 0 0 0 0 0 0 0 0 0 0 0
0 0 0 0 0 0 0 0 0 0 0 0 0 0 0 1.6905 1.6905 1.6905 1.6905 1.6905 1.6905 1.6905 1.6905 1.6905 1.6905 1.6905 1.6905 1.6905 1.6905 1.6905 1.6905 1.6905 1.6905 1.6905 1.6905 1.6905 1.6905 1.6905 1.6905 1.6905 1.6905 1.6905 1.6905 1.6905 1.6905 0 0 0 0 0 0 0 0 0 0 0 0 0 0 0 0 0 0 0 0 0 0 0 0 0 0 0 0 0 0 0 0 0 0 0 0 0 0 0 0 0 0 0 0 0 0 0 0 0 0 0 0 0 0 0 0 0 0 0 0 0 0 0 0 0 0 0 0 0 0 0 0 0 0 0 0 0 0 0 0 0 0 0 0 0 0 0 0 0 0 0 0 0 0 0 0 0 0 0 0 0 0 0 0 0 0 0 0 0 0 0 0 0 0 0 0 0 0 0 0 0 0 0 0 0 0 0 0 0 0 0 0 0 0 0
0 0 0 0 0 0 0 0 0 0 0 0 0 0 0 1.6905 1.6905 1.6905 1.6905 1.6905 1.6905 1.6905 1.6905 1.6905 1.6905 1.6905 1.6905 1.6905 1.6905 1.6905 1.6905 1.6905 1.6905 1.6905 1.6905 1.6905 1.6905 1.6905 1.6905 1.6905 1.6905 1.6905 1.6905 1.6905 1.6905 0 0 0 0 0 0 0 0 0 0 0 0 0 0 0 0 0 0 0 0 0 0 0 0 0 0 0 0 0 0 0 0 0 0 0 0 0 0 0 0 0 0 0 0 0 0 0 0 0 0 0 0 0 0 0 0 0 0 0 0 0 0 0 0 0 0 0 0 0 0 0 0 0 0 0 0 0 0 0 0 0 0 0 0 0 0 0 0 0 0 0 0 0 0 0 0 0 0 0 0 0 0 0 0 0 0 0 0 0 0 0 0 0 0 0 0 0 0 0 0 0 0 0 0 0 0 0 0 0 0 0 0 0 0 0
0 0 0 0 0 0 0 0 0 0 0 0 0 0 0 1.6905 1.6905 1.6905 1.6905 1.6905 1.6905 1.6905 1.6905 1.6905 1.6905 1.6905 1.6905 1.6905 1.6905 1.6905 1.6905 1.6905 1.6905 1.6905 1.6905 1.6905 1.6905 1.6905 1.6905 1.6905 1.6905 1.6905 1.6905 1.6905 1.6905 0 0 0 0 0 0 0 0 0 0 0 0 0 0 0 0 0 0 0 0 0 0 0 0 0 0 0 0 0 0 0 0 0 0 0 0 0 0 0 0 0 0 0 0 0 0 0 0 0 0 0 0 0 0 0 0 0 0 0 0 0 0 0 0 0 0 0 0 0 0 0 0 0 0 0 0 0 0 0 0 0 0 0 0 0 0 0 0 0 0 0 0 0 0 0 0 0 0 0 0 0 0 0 0 0 0 0 0 0 0 0 0 0 0 0 0 0 0 0 0 0 0 0 0 0 0 0 0 0 0 0 0 0 0 0
0 0 0 0 0 0 0 0 0 0 0 0 0 0 0 1.6905 1.6905 1.6905 1.6905 1.6905 1.6905 1.6905 1.6905 1.6905 1.6905 1.6905 1.6905 1.6905 1.6905 1.6905 1.6905 1.6905 1.6905 1.6905 1.6905 1.6905 1.6905 1.6905 1.6905 1.6905 1.6905 1.6905 1.6905 1.6905 1.6905 0 0 0 0 0 0 0 0 0 0 0 0 0 0 0 0 0 0 0 0 0 0 0 0 0 0 0 0 0 0 0 0 0 0 0 0 0 0 0 0 0 0 0 0 0 0 0 0 0 0 0 0 0 0 0 0 0 0 0 0 0 0 0 0 0 0 0 0 0 0 0 0 0 0 0 0 0 0 0 0 0 0 0 0 0 0 0 0 0 0 0 0 0 0 0 0 0 0 0 0 0 0 0 0 0 0 0 0 0 0 0 0 0 0 0 0 0 0 0 0 0 0 0 0 0 0 0 0 0 0 0 0 0 0 0
0 0 0 0 0 0 0 0 0 0 0 0 0 0 0 1.6905 1.6905 1.6905 1.6905 1.6905 1.6905 1.6905 1.6905 1.6905 1.6905 1.6905 1.6905 1.6905 1.6905 1.6905 1.6905 1.6905 1.6905 1.6905 1.6905 1.6905 1.6905 1.6905 1.6905 1.6905 1.6905 1.6905 1.6905 1.6905 1.6905 0 0 0 0 0 0 0 0 0 0 0 0 0 0 0 0 0 0 0 0 0 0 0 0 0 0 0 0 0 0 0 0 0 0 0 0 0 0 0 0 0 0 0 0 0 0 0 0 0 0 0 0 0 0 0 0 0 0 0 0 0 0 0 0 0 0 0 0 0 0 0 0 0 0 0 0 0 0 0 0 0 0 0 0 0 0 0 0 0 0 0 0 0 0 0 0 0 0 0 0 0 0 0 0 0 0 0 0 0 0 0 0 0 0 0 0 0 0 0 0 0 0 0 0 0 0 0 0 0 0 0 0 0 0 0
0 0 0 0 0 0 0 0 0 0 0 0 0 0 0 1.6905 1.6905 1.6905 1.6905 1.6905 1.6905 1.6905 1.6905 1.6905 1.6905 1.6905 1.6905 1.6905 1.6905 1.6905 1.6905 1.6905 1.6905 1.6905 1.6905 1.6905 1.6905 1.6905 1.6905 1.6905 1.6905 1.6905 1.6905 1.6905 1.6905 0 0 0 0 0 0 0 0 0 0 0 0 0 0 0 0 0 0 0 0 0 0 0 0 0 0 0 0 0 0 0 0 0 0 0 0 0 0 0 0 0 0 0 0 0 0 0 0 0 0 0 0 0 0 0 0 0 0 0 0 0 0 0 0 0 0 0 0 0 0 0 0 0 0 0 0 0 0 0 0 0 0 0 0 0 0 0 0 0 0 0 0 0 0 0 0 0 0 0 0 0 0 0 0 0 0 0 0 0 0 0 0 0 0 0 0 0 0 0 0 0 0 0 0 0 0 0 0 0 0 0 0 0 0 0
0 0 0 0 0 0 0 0 0 0 0 0 0 0 0 1.6905 1.6905 1.6905 1.6905 1.6905 1.6905 1.6905 1.6905 1.6905 1.6905 1.6905 1.6905 1.6905 1.6905 1.6905 1.6905 1.6905 1.6905 1.6905 1.6905 1.6905 1.6905 1.6905 1.6905 1.6905 1.6905 1.6905 1.6905 1.6905 1.6905 0 0 0 0 0 0 0 0 0 0 0 0 0 0 0 0 0 0 0 0 0 0 0 0 0 0 0 0 0 0 0 0 0 0 0 0 0 0 0 0 0 0 0 0 0 0 0 0 0 0 0 0 0 0 0 0 0 0 0 0 0 0 0 0 0 0 0 0 0 0 0 0 0 0 0 0 0 0 0 0 0 0 0 0 0 0 0 0 0 0 0 0 0 0 0 0 0 0 0 0 0 0 0 0 0 0 0 0 0 0 0 0 0 0 0 0 0 0 0 0 0 0 0 0 0 0 0 0 0 0 0 0 0 0 0
0 0 0 0 0 0 0 0 0 0 0 0 0 0 0 1.6905 1.6905 1.6905 1.6905 1.6905 1.6905 1.6905 1.6905 1.6905 1.6905 1.6905 1.6905 1.6905 1.6905 1.6905 1.6905 1.6905 1.6905 1.6905 1.6905 1.6905 1.6905 1.6905 1.6905 1.6905 1.6905 1.6905 1.6905 1.6905 1.6905 0 0 0 0 0 0 0 0 0 0 0 0 0 0 0 0 0 0 0 0 0 0 0 0 0 0 0 0 0 0 0 0 0 0 0 0 0 0 0 0 0 0 0 0 0 0 0 0 0 0 0 0 0 0 0 0 0 0 0 0 0 0 0 0 0 0 0 0 0 0 0 0 0 0 0 0 0 0 0 0 0 0 0 0 0 0 0 0 0 0 0 0 0 0 0 0 0 0 0 0 0 0 0 0 0 0 0 0 0 0 0 0 0 0 0 0 0 0 0 0 0 0 0 0 0 0 0 0 0 0 0 0 0 0 0
0 0 0 0 0 0 0 0 0 0 0 0 0 0 0 1.6905 1.6905 1.6905 1.6905 1.6905 1.6905 1.6905 1.6905 1.6905 1.6905 1.6905 1.6905 1.6905 1.6905 1.6905 1.6905 1.6905 1.6905 1.6905 1.6905 1.6905 1.6905 1.6905 1.6905 1.6905 1.6905 1.6905 1.6905 1.6905 1.6905 0 0 0 0 0 0 0 0 0 0 0 0 0 0 0 0 0 0 0 0 0 0 0 0 0 0 0 0 0 0 0 0 0 0 0 0 0 0 0 0 0 0 0 0 0 0 0 0 0 0 0 0 0 0 0 0 0 0 0 0 0 0 0 0 0 0 0 0 0 0 0 0 0 0 0 0 0 0 0 0 0 0 0 0 0 0 0 0 0 0 0 0 0 0 0 0 0 0 0 0 0 0 0 0 0 0 0 0 0 0 0 0 0 0 0 0 0 0 0 0 0 0 0 0 0 0 0 0 0 0 0 0 0 0 0
0 0 0 0 0 0 0 0 0 0 0 0 0 0 0 1.6905 1.6905 1.6905 1.6905 1.6905 1.6905 1.6905 1.6905 1.6905 1.6905 1.6905 1.6905 1.6905 1.6905 1.6905 1.6905 1.6905 1.6905 1.6905 1.6905 1.6905 1.6905 1.6905 1.6905 1.6905 1.6905 1.6905 1.6905 1.6905 1.6905 0 0 0 0 0 0 0 0 0 0 0 0 0 0 0 0 0 0 0 0 0 0 0 0 0 0 0 0 0 0 0 0 0 0 0 0 0 0 0 0 0 0 0 0 0 0 0 0 0 0 0 0 0 0 0 0 0 0 0 0 0 0 0 0 0 0 0 0 0 0 0 0 0 0 0 0 0 0 0 0 0 0 0 0 0 0 0 0 0 0 0 0 0 0 0 0 0 0 0 0 0 0 0 0 0 0 0 0 0 0 0 0 0 0 0 0 0 0 0 0 0 0 0 0 0 0 0 0 0 0 0 0 0 0 0
0 0 0 0 0 0 0 0 0 0 0 0 0 0 0 1.6905 1.6905 1.6905 1.6905 1.6905 1.6905 1.6905 1.6905 1.6905 1.6905 1.6905 1.6905 1.6905 1.6905 1.6905 1.6905 1.6905 1.6905 1.6905 1.6905 1.6905 1.6905 1.6905 1.6905 1.6905 1.6905 1.6905 1.6905 1.6905 1.6905 0 0 0 0 0 0 0 0 0 0 0 0 0 0 0 0 0 0 0 0 0 0 0 0 0 0 0 0 0 0 0 0 0 0 0 0 0 0 0 0 0 0 0 0 0 0 0 0 0 0 0 0 0 0 0 0 0 0 0 0 0 0 0 0 0 0 0 0 0 0 0 0 0 0 0 0 0 0 0 0 0 0 0 0 0 0 0 0 0 0 0 0 0 0 0 0 0 0 0 0 0 0 0 0 0 0 0 0 0 0 0 0 0 0 0 0 0 0 0 0 0 0 0 0 0 0 0 0 0 0 0 0 0 0 0
0 0 0 0 0 0 0 0 0 0 0 0 0 0 0 1.6905 1.6905 1.6905 1.6905 1.6905 1.6905 1.6905 1.6905 1.6905 1.6905 1.6905 1.6905 1.6905 1.6905 1.6905 1.6905 1.6905 1.6905 1.6905 1.6905 1.6905 1.6905 1.6905 1.6905 1.6905 1.6905 1.6905 1.6905 1.6905 1.6905 0 0 0 0 0 0 0 0 0 0 0 0 0 0 0 0 0 0 0 0 0 0 0 0 0 0 0 0 0 0 0 0 0 0 0 0 0 0 0 0 0 0 0 0 0 0 0 0 0 0 0 0 0 0 0 0 0 0 0 0 0 0 0 0 0 0 0 0 0 0 0 0 0 0 0 0 0 0 0 0 0 0 0 0 0 0 0 0 0 0 0 0 0 0 0 0 0 0 0 0 0 0 0 0 0 0 0 0 0 0 0 0 0 0 0 0 0 0 0 0 0 0 0 0 0 0 0 0 0 0 0 0 0 0 0
