0 0 0 0 0 0 0 0 0 0 0 0 0 0 0 9.619 9.619 9.619 9.619 9.619 1.0476 1.0476 1.0476 1.0476 1.0476 1.0476 1.0476 1.0476 1.0476 1.0476 1.0476 1.0476 1.0476 1.0476 1.0476 1.0476 1.0476 1.0476 1.0476 1.0476 1.0476 1.0476 1.0476 1.0476 1.0476 0 0 0 0 0 0 0 0 0 0 0 0 0 0 0 0 0 0 0 0 0 0 0 0 0 0 0 0 0 0 0 0 0 0 0 0 0 0 0 0 0 0 0 0 0 0 0 0 0 0 0 0 0 0 0 0 0 0 0 0 0 0 0 0 0 0 0 0 0 0 0 0 0 0 0 0 0 0 0 0 0 0 0 0 0 0 0 0 0 0 0 0 0 0 0 0 0 0 0 0 0 0 0 0 0 0 0 0 0 0 0 0 0 0 0 0 0 0 0 0 0 0 0 0 0 0 0 0 0 0 0 0 0 0 0
0 0 0 0 0 0 0 0 0 0 0 0 0 0 0 9.619 9.619 9.619 9.619 9.619 1.0476 1.0476 1.0476 1.0476 1.0476 1.0476 1.0476 1.0476 1.0476 1.0476 1.0476 1.0476 1.0476 1.0476 1.0476 1.0476 1.0476 1.0476 1.0476 1.0476 1.0476 1.0476 1.0476 1.0476 1.0476 0 0 0 0 0 0 0 0 0 0 0 0 0 0 0 0 0 0 0 0 0 0 0 0 0 0 0 0 0 0 0 0 0 0 0 0 0 0 0 0 0 0 0 0 0 0 0 0 0 0 0 0 0 0 0 0 0 0 0 0 0 0 0 0 0 0 0 0 0 0 0 0 0 0 0 0 0 0 0 0 0 0 0 0 0 0 0 0 0 0 0 0 0 0 0 0 0 0 0 0 0 0 0 0 0 0 0 0 0 0 0 0 0 0 0 0 0 0 0 0 0 0 0 0 0 0 0 0 0 0 0 0 0 0 0
0 0 0 0 0 0 0 0 0 0 0 0 0 0 0 9.619 9.619 9.619 9.619 9.619 1.0476 1.0476 1.0476 1.0476 1.0476 1.0476 1.0476 1.0476 1.0476 1.0476 1.0476 1.0476 1.0476 1.0476 1.0476 1.0476 1.0476 1.0476 1.0476 1.0476 1.0476 1.0476 1.0476 1.0476 1.0476 0 0 0 0 0 0 0 0 0 0 0 0 0 0 0 0 0 0 0 0 0 0 0 0 0 0 0 0 0 0 0 0 0 0 0 0 0 0 0 0 0 0 0 0 0 0 0 0 0 0 0 0 0 0 0 0 0 0 0 0 0 0 0 0 0 0 0 0 0 0 0 0 0 0 0 0 0 0 0 0 0 0 0 0 0 0 0 0 0 0 0 0 0 0 0 0 0 0 0 0 0 0 0 0 0 0 0 0 0 0 0 0 0 0 0 0 0 0 0 0 0 0 0 0 0 0 0 0 0 0 0 0 0 0 0
0 0 0 0 0 0 0 0 0 0 0 0 0 0 0 9.619 9.619 9.619 9.619 9.619 1.0476 1.0476 1.0476 1.0476 1.0476 1.0476 1.0476 1.0476 1.0476 1.0476 1.0476 1.0476 1.0476 1.0476 1.0476 1.0476 1.0476 1.0476 1.0476 1.0476 1.0476 1.0476 1.0476 1.0476 1.0476 0 0 0 0 0 0 0 0 0 0 0 0 0 0 0 0 0 0 0 0 0 0 0 0 0 0 0 0 0 0 0 0 0 0 0 0 0 0 0 0 0 0 0 0 0 0 0 0 0 0 0 0 0 0 0 0 0 0 0 0 0 0 0 0 0 0 0 0 0 0 0 0 0 0 0 0 0 0 0 0 0 0 0 0 0 0 0 0 0 0 0 0 0 0 0 0 0 0 0 0 0 0 0 0 0 0 0 0 0 0 0 0 0 0 0 0 0 0 0 0 0 0 0 0 0 0 0 0 0 0 0 0 0 0 0
0 0 0 0 0 0 0 0 0 0 0 0 0 0 0 9.619 9.619 9.619 9.619 9.619 1.0476 1.0476 1.0476 1.0476 1.0476 1.0476 1.0476 1.0476 1.0476 1.0476 1.0476 1.0476 1.0476 1.0476 1.0476 1.0476 1.0476 1.0476 1.0476 1.0476 1.0476 1.0476 1.0476 1.0476 1.0476 0 0 0 0 0 0 0 0 0 0 0 0 0 0 0 0 0 0 0 0 0 0 0 0 0 0 0 0 0 0 0 0 0 0 0 0 0 0 0 0 0 0 0 0 0 0 0 0 0 0 0 0 0 0 0 0 0 0 0 0 0 0 0 0 0 0 0 0 0 0 0 0 0 0 0 0 0 0 0 0 0 0 0 0 0 0 0 0 0 0 0 0 0 0 0 0 0 0 0 0 0 0 0 0 0 0 0 0 0 0 0 0 0 0 0 0 0 0 0 0 0 0 0 0 0 0 0 0 0 0 0 0 0 0 0
0 0 0 0 0 0 0 0 0 0 0 0 0 0 0 9.619 9.619 9.619 9.619 9.619 1.0476 1.0476 1.0476 1.0476 1.0476 1.0476 1.0476 1.0476 1.0476 1.0476 1.0476 1.0476 1.0476 1.0476 1.0476 1.0476 1.0476 1.0476 1.0476 1.0476 1.0476 1.0476 1.0476 1.0476 1.0476 0 0 0 0 0 0 0 0 0 0 0 0 0 0 0 0 0 0 0 0 0 0 0 0 0 0 0 0 0 0 0 0 0 0 0 0 0 0 0 0 0 0 0 0 0 0 0 0 0 0 0 0 0 0 0 0 0 0 0 0 0 0 0 0 0 0 0 0 0 0 0 0 0 0 0 0 0 0 0 0 0 0 0 0 0 0 0 0 0 0 0 0 0 0 0 0 0 0 0 0 0 0 0 0 0 0 0 0 0 0 0 0 0 0 0 0 0 0 0 0 0 0 0 0 0 0 0 0 0 0 0 0 0 0 0
0 0 0 0 0 0 0 0 0 0 0 0 0 0 0 9.619 9.619 9.619 9.619 9.619 1.0476 1.0476 1.0476 1.0476 1.0476 1.0476 1.0476 1.0476 1.0476 1.0476 1.0476 1.0476 1.0476 1.0476 1.0476 1.0476 1.0476 1.0476 1.0476 1.0476 1.0476 1.0476 1.0476 1.0476 1.0476 0 0 0 0 0 0 0 0 0 0 0 0 0 0 0 0 0 0 0 0 0 0 0 0 0 0 0 0 0 0 0 0 0 0 0 0 0 0 0 0 0 0 0 0 0 0 0 0 0 0 0 0 0 0 0 0 0 0 0 0 0 0 0 0 0 0 0 0 0 0 0 0 0 0 0 0 0 0 0 0 0 0 0 0 0 0 0 0 0 0 0 0 0 0 0 0 0 0 0 0 0 0 0 0 0 0 0 0 0 0 0 0 0 0 0 0 0 0 0 0 0 0 0 0 0 0 0 0 0 0 0 0 0 0 0
0 0 0 0 0 0 0 0 0 0 0 0 0 0 0 9.619 9.619 9.619 9.619 9.619 1.0476 1.0476 1.0476 1.0476 1.0476 1.0476 1.0476 1.0476 1.0476 1.0476 1.0476 1.0476 1.0476 1.0476 1.0476 1.0476 1.0476 1.0476 1.0476 1.0476 1.0476 1.0476 1.0476 1.0476 1.0476 0 0 0 0 0 0 0 0 0 0 0 0 0 0 0 0 0 0 0 0 0 0 0 0 0 0 0 0 0 0 0 0 0 0 0 0 0 0 0 0 0 0 0 0 0 0 0 0 0 0 0 0 0 0 0 0 0 0 0 0 0 0 0 0 0 0 0 0 0 0 0 0 0 0 0 0 0 0 0 0 0 0 0 0 0 0 0 0 0 0 0 0 0 0 0 0 0 0 0 0 0 0 0 0 0 0 0 0 0 0 0 0 0 0 0 0 0 0 0 0 0 0 0 0 0 0 0 0 0 0 0 0 0 0 0
0 0 0 0 0 0 0 0 0 0 0 0 0 0 0 9.619 9.619 9.619 9.619 9.619 1.0476 1.0476 1.0476 1.0476 1.0476 1.0476 1.0476 1.0476 1.0476 1.0476 1.0476 1.0476 1.0476 1.0476 1.0476 1.0476 1.0476 1.0476 1.0476 1.0476 1.0476 1.0476 1.0476 1.0476 1.0476 0 0 0 0 0 0 0 0 0 0 0 0 0 0 0 0 0 0 0 0 0 0 0 0 0 0 0 0 0 0 0 0 0 0 0 0 0 0 0 0 0 0 0 0 0 0 0 0 0 0 0 0 0 0 0 0 0 0 0 0 0 0 0 0 0 0 0 0 0 0 0 0 0 0 0 0 0 0 0 0 0 0 0 0 0 0 0 0 0 0 0 0 0 0 0 0 0 0 0 0 0 0 0 0 0 0 0 0 0 0 0 0 0 0 0 0 0 0 0 0 0 0 0 0 0 0 0 0 0 0 0 0 0 0 0
0 0 0 0 0 0 0 0 0 0 0 0 0 0 0 9.619 9.619 9.619 9.619 9.619 1.0476 1.0476 1.0476 1.0476 1.0476 1.0476 1.0476 1.0476 1.0476 1.0476 1.0476 1.0476 1.0476 1.0476 1.0476 1.0476 1.0476 1.0476 1.0476 1.0476 1.0476 1.0476 1.0476 1.0476 1.0476 0 0 0 0 0 0 0 0 0 0 0 0 0 0 0 0 0 0 0 0 0 0 0 0 0 0 0 0 0 0 0 0 0 0 0 0 0 0 0 0 0 0 0 0 0 0 0 0 0 0 0 0 0 0 0 0 0 0 0 0 0 0 0 0 0 0 0 0 0 0 0 0 0 0 0 0 0 0 0 0 0 0 0 0 0 0 0 0 0 0 0 0 0 0 0 0 0 0 0 0 0 0 0 0 0 0 0 0 0 0 0 0 0 0 0 0 0 0 0 0 0 0 0 0 0 0 0 0 0 0 0 0 0 0 0
0 0 0 0 0 0 0 0 0 0 0 0 0 0 0 9.619 9.619 9.619 9.619 9.619 1.0476 1.0476 1.0476 1.0476 1.0476 1.0476 1.0476 1.0476 1.0476 1.0476 1.0476 1.0476 1.0476 1.0476 1.0476 1.0476 1.0476 1.0476 1.0476 1.0476 1.0476 1.0476 1.0476 1.0476 1.0476 0 0 0 0 0 0 0 0 0 0 0 0 0 0 0 0 0 0 0 0 0 0 0 0 0 0 0 0 0 0 0 0 0 0 0 0 0 0 0 0 0 0 0 0 0 0 0 0 0 0 0 0 0 0 0 0 0 0 0 0 0 0 0 0 0 0 0 0 0 0 0 0 0 0 0 0 0 0 0 0 0 0 0 0 0 0 0 0 0 0 0 0 0 0 0 0 0 0 0 0 0 0 0 0 0 0 0 0 0 0 0 0 0 0 0 0 0 0 0 0 0 0 0 0 0 0 0 0 0 0 0 0 0 0 0
0 0 0 0 0 0 0 0 0 0 0 0 0 0 0 9.619 9.619 9.619 9.619 9.619 1.0476 1.0476 1.0476 1.0476 1.0476 1.0476 1.0476 1.0476 1.0476 1.0476 1.0476 1.0476 1.0476 1.0476 1.0476 1.0476 1.0476 1.0476 1.0476 1.0476 1.0476 1.0476 1.0476 1.0476 1.0476 0 0 0 0 0 0 0 0 0 0 0 0 0 0 0 0 0 0 0 0 0 0 0 0 0 0 0 0 0 0 0 0 0 0 0 0 0 0 0 0 0 0 0 0 0 0 0 0 0 0 0 0 0 0 0 0 0 0 0 0 0 0 0 0 0 0 0 0 0 0 0 0 0 0 0 0 0 0 0 0 0 0 0 0 0 0 0 0 0 0 0 0 0 0 0 0 0 0 0 0 0 0 0 0 0 0 0 0 0 0 0 0 0 0 0 0 0 0 0 0 0 0 0 0 0 0 0 0 0 0 0 0 0 0 0
0 0 0 0 0 0 0 0 0 0 0 0 0 0 0 9.619 9.619 9.619 9.619 9.619 1.0476 1.0476 1.0476 1.0476 1.0476 1.0476 1.0476 1.0476 1.0476 1.0476 1.0476 1.0476 1.0476 1.0476 1.0476 1.0476 1.0476 1.0476 1.0476 1.0476 1.0476 1.0476 1.0476 1.0476 1.0476 0 0 0 0 0 0 0 0 0 0 0 0 0 0 0 0 0 0 0 0 0 0 0 0 0 0 0 0 0 0 0 0 0 0 0 0 0 0 0 0 0 0 0 0 0 0 0 0 0 0 0 0 0 0 0 0 0 0 0 0 0 0 0 0 0 0 0 0 0 0 0 0 0 0 0 0 0 0 0 0 0 0 0 0 0 0 0 0 0 0 0 0 0 0 0 0 0 0 0 0 0 0 0 0 0 0 0 0 0 0 0 0 0 0 0 0 0 0 0 0 0 0 0 0 0 0 0 0 0 0 0 0 0 0 0
0 0 0 0 0 0 0 0 0 0 0 0 0 0 0 9.619 9.619 9.619 9.619 9.619 1.0476 1.0476 1.0476 1.0476 1.0476 1.0476 1.0476 1.0476 1.0476 1.0476 1.0476 1.0476 1.0476 1.0476 1.0476 1.0476 1.0476 1.0476 1.0476 1.0476 1.0476 1.0476 1.0476 1.0476 1.0476 0 0 0 0 0 0 0 0 0 0 0 0 0 0 0 0 0 0 0 0 0 0 0 0 0 0 0 0 0 0 0 0 0 0 0 0 0 0 0 0 0 0 0 0 0 0 0 0 0 0 0 0 0 0 0 0 0 0 0 0 0 0 0 0 0 0 0 0 0 0 0 0 0 0 0 0 0 0 0 0 0 0 0 0 0 0 0 0 0 0 0 0 0 0 0 0 0 0 0 0 0 0 0 0 0 0 0 0 0 0 0 0 0 0 0 0 0 0 0 0 0 0 0 0 0 0 0 0 0 0 0 0 0 0 0
0 0 0 0 0 0 0 0 0 0 0 0 0 0 0 9.619 9.619 9.619 9.619 9.619 1.0476 1.0476 1.0476 1.0476 1.0476 1.0476 1.0476 1.0476 1.0476 1.0476 1.0476 1.0476 1.0476 1.0476 1.0476 1.0476 1.0476 1.0476 1.0476 1.0476 1.0476 1.0476 1.0476 1.0476 1.0476 0 0 0 0 0 0 0 0 0 0 0 0 0 0 0 0 0 0 0 0 0 0 0 0 0 0 0 0 0 0 0 0 0 0 0 0 0 0 0 0 0 0 0 0 0 0 0 0 0 0 0 0 0 0 0 0 0 0 0 0 0 0 0 0 0 0 0 0 0 0 0 0 0 0 0 0 0 0 0 0 0 0 0 0 0 0 0 0 0 0 0 0 0 0 0 0 0 0 0 0 0 0 0 0 0 0 0 0 0 0 0 0 0 0 0 0 0 0 0 0 0 0 0 0 0 0 0 0 0 0 0 0 0 0 0
0 0 0 0 0 0 0 0 0 0 0 0 0 0 0 9.619 9.619 9.619 9.619 9.619 1.0476 1.0476 1.0476 1.0476 1.0476 1.0476 1.0476 1.0476 1.0476 1.0476 1.0476 1.0476 1.0476 1.0476 1.0476 1.0476 1.0476 1.0476 1.0476 1.0476 1.0476 1.0476 1.0476 1.0476 1.0476 0 0 0 0 0 0 0 0 0 0 0 0 0 0 0 0 0 0 0 0 0 0 0 0 0 0 0 0 0 0 0 0 0 0 0 0 0 0 0 0 0 0 0 0 0 0 0 0 0 0 0 0 0 0 0 0 0 0 0 0 0 0 0 0 0 0 0 0 0 0 0 0 0 0 0 0 0 0 0 0 0 0 0 0 0 0 0 0 0 0 0 0 0 0 0 0 0 0 0 0 0 0 0 0 0 0 0 0 0 0 0 0 0 0 0 0 0 0 0 0 0 0 0 0 0 0 0 0 0 0 0 0 0 0 0
0 0 0 0 0 0 0 0 0 0 0 0 0 0 0 9.619 9.619 9.619 9.619 9.619 1.0476 1.0476 1.0476 1.0476 1.0476 1.0476 1.0476 1.0476 1.0476 1.0476 1.0476 1.0476 1.0476 1.0476 1.0476 1.0476 1.0476 1.0476 1.0476 1.0476 1.0476 1.0476 1.0476 1.0476 1.0476 0 0 0 0 0 0 0 0 0 0 0 0 0 0 0 0 0 0 0 0 0 0 0 0 0 0 0 0 0 0 0 0 0 0 0 0 0 0 0 0 0 0 0 0 0 0 0 0 0 0 0 0 0 0 0 0 0 0 0 0 0 0 0 0 0 0 0 0 0 0 0 0 0 0 0 0 0 0 0 0 0 0 0 0 0 0 0 0 0 0 0 0 0 0 0 0 0 0 0 0 0 0 0 0 0 0 0 0 0 0 0 0 0 0 0 0 0 0 0 0 0 0 0 0 0 0 0 0 0 0 0 0 0 0 0
0 0 0 0 0 0 0 0 0 0 0 0 0 0 0 9.619 9.619 9.619 9.619 9.619 1.0476 1.0476 1.0476 1.0476 1.0476 1.0476 1.0476 1.0476 1.0476 1.0476 1.0476 1.0476 1.0476 1.0476 1.0476 1.0476 1.0476 1.0476 1.0476 1.0476 1.0476 1.0476 1.0476 1.0476 1.0476 0 0 0 0 0 0 0 0 0 0 0 0 0 0 0 0 0 0 0 0 0 0 0 0 0 0 0 0 0 0 0 0 0 0 0 0 0 0 0 0 0 0 0 0 0 0 0 0 0 0 0 0 0 0 0 0 0 0 0 0 0 0 0 0 0 0 0 0 0 0 0 0 0 0 0 0 0 0 0 0 0 0 0 0 0 0 0 0 0 0 0 0 0 0 0 0 0 0 0 0 0 0 0 0 0 0 0 0 0 0 0 0 0 0 0 0 0 0 0 0 0 0 0 0 0 0 0 0 0 0 0 0 0 0 0
0 0 0 0 0 0 0 0 0 0 0 0 0 0 0 9.619 9.619 9.619 9.619 9.619 1.0476 1.0476 1.0476 1.0476 1.0476 1.0476 1.0476 1.0476 1.0476 1.0476 1.0476 1.0476 1.0476 1.0476 1.0476 1.0476 1.0476 1.0476 1.0476 1.0476 1.0476 1.0476 1.0476 1.0476 1.0476 0 0 0 0 0 0 0 0 0 0 0 0 0 0 0 0 0 0 0 0 0 0 0 0 0 0 0 0 0 0 0 0 0 0 0 0 0 0 0 0 0 0 0 0 0 0 0 0 0 0 0 0 0 0 0 0 0 0 0 0 0 0 0 0 0 0 0 0 0 0 0 0 0 0 0 0 0 0 0 0 0 0 0 0 0 0 0 0 0 0 0 0 0 0 0 0 0 0 0 0 0 0 0 0 0 0 0 0 0 0 0 0 0 0 0 0 0 0 0 0 0 0 0 0 0 0 0 0 0 0 0 0 0 0 0
0 0 0 0 0 0 0 0 0 0 0 0 0 0 0 9.619 9.619 9.619 9.619 9.619 1.0476 1.0476 1.0476 1.0476 1.0476 1.0476 1.0476 1.0476 1.0476 1.0476 1.0476 1.0476 1.0476 1.0476 1.0476 1.0476 1.0476 1.0476 1.0476 1.0476 1.0476 1.0476 1.0476 1.0476 1.0476 0 0 0 0 0 0 0 0 0 0 0 0 0 0 0 0 0 0 0 0 0 0 0 0 0 0 0 0 0 0 0 0 0 0 0 0 0 0 0 0 0 0 0 0 0 0 0 0 0 0 0 0 0 0 0 0 0 0 0 0 0 0 0 0 0 0 0 0 0 0 0 0 0 0 0 0 0 0 0 0 0 0 0 0 0 0 0 0 0 0 0 0 0 0 0 0 0 0 0 0 0 0 0 0 0 0 0 0 0 0 0 0 0 0 0 0 0 0 0 0 0 0 0 0 0 0 0 0 0 0 0 0 0 0 0
0 0 0 0 0 0 0 0 0 0 0 0 0 0 0 9.619 9.619 9.619 9.619 9.619 1.0476 1.0476 1.0476 1.0476 1.0476 1.0476 1.0476 1.0476 1.0476 1.0476 1.0476 1.0476 1.0476 1.0476 1.0476 1.0476 1.0476 1.0476 1.0476 1.0476 1.0476 1.0476 1.0476 1.0476 1.0476 0 0 0 0 0 0 0 0 0 0 0 0 0 0 0 0 0 0 0 0 0 0 0 0 0 0 0 0 0 0 0 0 0 0 0 0 0 0 0 0 0 0 0 0 0 0 0 0 0 0 0 0 0 0 0 0 0 0 0 0 0 0 0 0 0 0 0 0 0 0 0 0 0 0 0 0 0 0 0 0 0 0 0 0 0 0 0 0 0 0 0 0 0 0 0 0 0 0 0 0 0 0 0 0 0 0 0 0 0 0 0 0 0 0 0 0 0 0 0 0 0 0 0 0 0 0 0 0 0 0 0 0 0 0 0
0 0 0 0 0 0 0 0 0 0 0 0 0 0 0 9.619 9.619 9.619 9.619 9.619 1.0476 1.0476 1.0476 1.0476 1.0476 1.0476 1.0476 1.0476 1.0476 1.0476 1.0476 1.0476 1.0476 1.0476 1.0476 1.0476 1.0476 1.0476 1.0476 1.0476 1.0476 1.0476 1.0476 1.0476 1.0476 0 0 0 0 0 0 0 0 0 0 0 0 0 0 0 0 0 0 0 0 0 0 0 0 0 0 0 0 0 0 0 0 0 0 0 0 0 0 0 0 0 0 0 0 0 0 0 0 0 0 0 0 0 0 0 0 0 0 0 0 0 0 0 0 0 0 0 0 0 0 0 0 0 0 0 0 0 0 0 0 0 0 0 0 0 0 0 0 0 0 0 0 0 0 0 0 0 0 0 0 0 0 0 0 0 0 0 0 0 0 0 0 0 0 0 0 0 0 0 0 0 0 0 0 0 0 0 0 0 0 0 0 0 0 0
0 0 0 0 0 0 0 0 0 0 0 0 0 0 0 9.619 9.619 9.619 9.619 9.619 1.0476 1.0476 1.0476 1.0476 1.0476 1.0476 1.0476 1.0476 1.0476 1.0476 1.0476 1.0476 1.0476 1.0476 1.0476 1.0476 1.0476 1.0476 1.0476 1.0476 1.0476 1.0476 1.0476 1.0476 1.0476 0 0 0 0 0 0 0 0 0 0 0 0 0 0 0 0 0 0 0 0 0 0 0 0 0 0 0 0 0 0 0 0 0 0 0 0 0 0 0 0 0 0 0 0 0 0 0 0 0 0 0 0 0 0 0 0 0 0 0 0 0 0 0 0 0 0 0 0 0 0 0 0 0 0 0 0 0 0 0 0 0 0 0 0 0 0 0 0 0 0 0 0 0 0 0 0 0 0 0 0 0 0 0 0 0 0 0 0 0 0 0 0 0 0 0 0 0 0 0 0 0 0 0 0 0 0 0 0 0 0 0 0 0 0 0
0 0 0 0 0 0 0 0 0 0 0 0 0 0 0 9.619 9.619 9.619 9.619 9.619 1.0476 1.0476 1.0476 1.0476 1.0476 1.0476 1.0476 1.0476 1.0476 1.0476 1.0476 1.0476 1.0476 1.0476 1.0476 1.0476 1.0476 1.0476 1.0476 1.0476 1.0476 1.0476 1.0476 1.0476 1.0476 0 0 0 0 0 0 0 0 0 0 0 0 0 0 0 0 0 0 0 0 0 0 0 0 0 0 0 0 0 0 0 0 0 0 0 0 0 0 0 0 0 0 0 0 0 0 0 0 0 0 0 0 0 0 0 0 0 0 0 0 0 0 0 0 0 0 0 0 0 0 0 0 0 0 0 0 0 0 0 0 0 0 0 0 0 0 0 0 0 0 0 0 0 0 0 0 0 0 0 0 0 0 0 0 0 0 0 0 0 0 0 0 0 0 0 0 0 0 0 0 0 0 0 0 0 0 0 0 0 0 0 0 0 0 0
0 0 0 0 0 0 0 0 0 0 0 0 0 0 0 9.619 9.619 9.619 9.619 9.619 1.0476 1.0476 1.0476 1.0476 1.0476 1.0476 1.0476 1.0476 1.0476 1.0476 1.0476 1.0476 1.0476 1.0476 1.0476 1.0476 1.0476 1.0476 1.0476 1.0476 1.0476 1.0476 1.0476 1.0476 1.0476 0 0 0 0 0 0 0 0 0 0 0 0 0 0 0 0 0 0 0 0 0 0 0 0 0 0 0 0 0 0 0 0 0 0 0 0 0 0 0 0 0 0 0 0 0 0 0 0 0 0 0 0 0 0 0 0 0 0 0 0 0 0 0 0 0 0 0 0 0 0 0 0 0 0 0 0 0 0 0 0 0 0 0 0 0 0 0 0 0 0 0 0 0 0 0 0 0 0 0 0 0 0 0 0 0 0 0 0 0 0 0 0 0 0 0 0 0 0 0 0 0 0 0 0 0 0 0 0 0 0 0 0 0 0 0
0 0 0 0 0 0 0 0 0 0 0 0 0 0 0 9.619 9.619 9.619 9.619 9.619 1.0476 1.0476 1.0476 1.0476 1.0476 1.0476 1.0476 1.0476 1.0476 1.0476 1.0476 1.0476 1.0476 1.0476 1.0476 1.0476 1.0476 1.0476 1.0476 1.0476 1.0476 1.0476 1.0476 1.0476 1.0476 0 0 0 0 0 0 0 0 0 0 0 0 0 0 0 0 0 0 0 0 0 0 0 0 0 0 0 0 0 0 0 0 0 0 0 0 0 0 0 0 0 0 0 0 0 0 0 0 0 0 0 0 0 0 0 0 0 0 0 0 0 0 0 0 0 0 0 0 0 0 0 0 0 0 0 0 0 0 0 0 0 0 0 0 0 0 0 0 0 0 0 0 0 0 0 0 0 0 0 0 0 0 0 0 0 0 0 0 0 0 0 0 0 0 0 0 0 0 0 0 0 0 0 0 0 0 0 0 0 0 0 0 0 0 0
0 0 0 0 0 0 0 0 0 0 0 0 0 0 0 9.619 9.619 9.619 9.619 9.619 1.0476 1.0476 1.0476 1.0476 1.0476 1.0476 1.0476 1.0476 1.0476 1.0476 1.0476 1.0476 1.0476 1.0476 1.0476 1.0476 1.0476 1.0476 1.0476 1.0476 1.0476 1.0476 1.0476 1.0476 1.0476 0 0 0 0 0 0 0 0 0 0 0 0 0 0 0 0 0 0 0 0 0 0 0 0 0 0 0 0 0 0 0 0 0 0 0 0 0 0 0 0 0 0 0 0 0 0 0 0 0 0 0 0 0 0 0 0 0 0 0 0 0 0 0 0 0 0 0 0 0 0 0 0 0 0 0 0 0 0 0 0 0 0 0 0 0 0 0 0 0 0 0 0 0 0 0 0 0 0 0 0 0 0 0 0 0 0 0 0 0 0 0 0 0 0 0 0 0 0 0 0 0 0 0 0 0 0 0 0 0 0 0 0 0 0 0
0 0 0 0 0 0 0 0 0 0 0 0 0 0 0 9.619 9.619 9.619 9.619 9.619 1.0476 1.0476 1.0476 1.0476 1.0476 1.0476 1.0476 1.0476 1.0476 1.0476 1.0476 1.0476 1.0476 1.0476 1.0476 1.0476 1.0476 1.0476 1.0476 1.0476 1.0476 1.0476 1.0476 1.0476 1.0476 0 0 0 0 0 0 0 0 0 0 0 0 0 0 0 0 0 0 0 0 0 0 0 0 0 0 0 0 0 0 0 0 0 0 0 0 0 0 0 0 0 0 0 0 0 0 0 0 0 0 0 0 0 0 0 0 0 0 0 0 0 0 0 0 0 0 0 0 0 0 0 0 0 0 0 0 0 0 0 0 0 0 0 0 0 0 0 0 0 0 0 0 0 0 0 0 0 0 0 0 0 0 0 0 0 0 0 0 0 0 0 0 0 0 0 0 0 0 0 0 0 0 0 0 0 0 0 0 0 0 0 0 0 0 0
0 0 0 0 0 0 0 0 0 0 0 0 0 0 0 9.619 9.619 9.619 9.619 9.619 1.0476 1.0476 1.0476 1.0476 1.0476 1.0476 1.0476 1.0476 1.0476 1.0476 1.0476 1.0476 1.0476 1.0476 1.0476 1.0476 1.0476 1.0476 1.0476 1.0476 1.0476 1.0476 1.0476 1.0476 1.0476 0 0 0 0 0 0 0 0 0 0 0 0 0 0 0 0 0 0 0 0 0 0 0 0 0 0 0 0 0 0 0 0 0 0 0 0 0 0 0 0 0 0 0 0 0 0 0 0 0 0 0 0 0 0 0 0 0 0 0 0 0 0 0 0 0 0 0 0 0 0 0 0 0 0 0 0 0 0 0 0 0 0 0 0 0 0 0 0 0 0 0 0 0 0 0 0 0 0 0 0 0 0 0 0 0 0 0 0 0 0 0 0 0 0 0 0 0 0 0 0 0 0 0 0 0 0 0 0 0 0 0 0 0 0 0
0 0 0 0 0 0 0 0 0 0 0 0 0 0 0 9.619 9.619 9.619 9.619 9.619 1.0476 1.0476 1.0476 1.0476 1.0476 1.0476 1.0476 1.0476 1.0476 1.0476 1.0476 1.0476 1.0476 1.0476 1.0476 1.0476 1.0476 1.0476 1.0476 1.0476 1.0476 1.0476 1.0476 1.0476 1.0476 0 0 0 0 0 0 0 0 0 0 0 0 0 0 0 0 0 0 0 0 0 0 0 0 0 0 0 0 0 0 0 0 0 0 0 0 0 0 0 0 0 0 0 0 0 0 0 0 0 0 0 0 0 0 0 0 0 0 0 0 0 0 0 0 0 0 0 0 0 0 0 0 0 0 0 0 0 0 0 0 0 0 0 0 0 0 0 0 0 0 0 0 0 0 0 0 0 0 0 0 0 0 0 0 0 0 0 0 0 0 0 0 0 0 0 0 0 0 0 0 0 0 0 0 0 0 0 0 0 0 0 0 0 0 0
0 0 0 0 0 0 0 0 0 0 0 0 0 0 0 9.619 9.619 9.619 9.619 9.619 1.0476 1.0476 1.0476 1.0476 1.0476 1.0476 1.0476 1.0476 1.0476 1.0476 1.0476 1.0476 1.0476 1.0476 1.0476 1.0476 1.0476 1.0476 1.0476 1.0476 1.0476 1.0476 1.0476 1.0476 1.0476 0 0 0 0 0 0 0 0 0 0 0 0 0 0 0 0 0 0 0 0 0 0 0 0 0 0 0 0 0 0 0 0 0 0 0 0 0 0 0 0 0 0 0 0 0 0 0 0 0 0 0 0 0 0 0 0 0 0 0 0 0 0 0 0 0 0 0 0 0 0 0 0 0 0 0 0 0 0 0 0 0 0 0 0 0 0 0 0 0 0 0 0 0 0 0 0 0 0 0 0 0 0 0 0 0 0 0 0 0 0 0 0 0 0 0 0 0 0 0 0 0 0 0 0 0 0 0 0 0 0 0 0 0 0 0
0 0 0 0 0 0 0 0 0 0 0 0 0 0 0 9.619 9.619 9.619 9.619 9.619 1.0476 1.0476 1.0476 1.0476 1.0476 1.0476 1.0476 1.0476 1.0476 1.0476 1.0476 1.0476 1.0476 1.0476 1.0476 1.0476 1.0476 1.0476 1.0476 1.0476 1.0476 1.0476 1.0476 1.0476 1.0476 0 0 0 0 0 0 0 0 0 0 0 0 0 0 0 0 0 0 0 0 0 0 0 0 0 0 0 0 0 0 0 0 0 0 0 0 0 0 0 0 0 0 0 0 0 0 0 0 0 0 0 0 0 0 0 0 0 0 0 0 0 0 0 0 0 0 0 0 0 0 0 0 0 0 0 0 0 0 0 0 0 0 0 0 0 0 0 0 0 0 0 0 0 0 0 0 0 0 0 0 0 0 0 0 0 0 0 0 0 0 0 0 0 0 0 0 0 0 0 0 0 0 0 0 0 0 0 0 0 0 0 0 0 0 0
0 0 0 0 0 0 0 0 0 0 0 0 0 0 0 9.619 9.619 9.619 9.619 9.619 1.0476 1.0476 1.0476 1.0476 1.0476 1.0476 1.0476 1.0476 1.0476 1.0476 1.0476 1.0476 1.0476 1.0476 1.0476 1.0476 1.0476 1.0476 1.0476 1.0476 1.0476 1.0476 1.0476 1.0476 1.0476 0 0 0 0 0 0 0 0 0 0 0 0 0 0 0 0 0 0 0 0 0 0 0 0 0 0 0 0 0 0 0 0 0 0 0 0 0 0 0 0 0 0 0 0 0 0 0 0 0 0 0 0 0 0 0 0 0 0 0 0 0 0 0 0 0 0 0 0 0 0 0 0 0 0 0 0 0 0 0 0 0 0 0 0 0 0 0 0 0 0 0 0 0 0 0 0 0 0 0 0 0 0 0 0 0 0 0 0 0 0 0 0 0 0 0 0 0 0 0 0 0 0 0 0 0 0 0 0 0 0 0 0 0 0 0
0 0 0 0 0 0 0 0 0 0 0 0 0 0 0 9.619 9.619 9.619 9.619 9.619 1.0476 1.0476 1.0476 1.0476 1.0476 1.0476 1.0476 1.0476 1.0476 1.0476 1.0476 1.0476 1.0476 1.0476 1.0476 1.0476 1.0476 1.0476 1.0476 1.0476 1.0476 1.0476 1.0476 1.0476 1.0476 0 0 0 0 0 0 0 0 0 0 0 0 0 0 0 0 0 0 0 0 0 0 0 0 0 0 0 0 0 0 0 0 0 0 0 0 0 0 0 0 0 0 0 0 0 0 0 0 0 0 0 0 0 0 0 0 0 0 0 0 0 0 0 0 0 0 0 0 0 0 0 0 0 0 0 0 0 0 0 0 0 0 0 0 0 0 0 0 0 0 0 0 0 0 0 0 0 0 0 0 0 0 0 0 0 0 0 0 0 0 0 0 0 0 0 0 0 0 0 0 0 0 0 0 0 0 0 0 0 0 0 0 0 0 0
0 0 0 0 0 0 0 0 0 0 0 0 0 0 0 9.619 9.619 9.619 9.619 9.619 1.0476 1.0476 1.0476 1.0476 1.0476 1.0476 1.0476 1.0476 1.0476 1.0476 1.0476 1.0476 1.0476 1.0476 1.0476 1.0476 1.0476 1.0476 1.0476 1.0476 1.0476 1.0476 1.0476 1.0476 1.0476 0 0 0 0 0 0 0 0 0 0 0 0 0 0 0 0 0 0 0 0 0 0 0 0 0 0 0 0 0 0 0 0 0 0 0 0 0 0 0 0 0 0 0 0 0 0 0 0 0 0 0 0 0 0 0 0 0 0 0 0 0 0 0 0 0 0 0 0 0 0 0 0 0 0 0 0 0 0 0 0 0 0 0 0 0 0 0 0 0 0 0 0 0 0 0 0 0 0 0 0 0 0 0 0 0 0 0 0 0 0 0 0 0 0 0 0 0 0 0 0 0 0 0 0 0 0 0 0 0 0 0 0 0 0 0
0 0 0 0 0 0 0 0 0 0 0 0 0 0 0 9.619 9.619 9.619 9.619 9.619 1.0476 1.0476 1.0476 1.0476 1.0476 1.0476 1.0476 1.0476 1.0476 1.0476 1.0476 1.0476 1.0476 1.0476 1.0476 1.0476 1.0476 1.0476 1.0476 1.0476 1.0476 1.0476 1.0476 1.0476 1.0476 0 0 0 0 0 0 0 0 0 0 0 0 0 0 0 0 0 0 0 0 0 0 0 0 0 0 0 0 0 0 0 0 0 0 0 0 0 0 0 0 0 0 0 0 0 0 0 0 0 0 0 0 0 0 0 0 0 0 0 0 0 0 0 0 0 0 0 0 0 0 0 0 0 0 0 0 0 0 0 0 0 0 0 0 0 0 0 0 0 0 0 0 0 0 0 0 0 0 0 0 0 0 0 0 0 0 0 0 0 0 0 0 0 0 0 0 0 0 0 0 0 0 0 0 0 0 0 0 0 0 0 0 0 0 0
0 0 0 0 0 0 0 0 0 0 0 0 0 0 0 9.619 9.619 9.619 9.619 9.619 1.0476 1.0476 1.0476 1.0476 1.0476 1.0476 1.0476 1.0476 1.0476 1.0476 1.0476 1.0476 1.0476 1.0476 1.0476 1.0476 1.0476 1.0476 1.0476 1.0476 1.0476 1.0476 1.0476 1.0476 1.0476 0 0 0 0 0 0 0 0 0 0 0 0 0 0 0 0 0 0 0 0 0 0 0 0 0 0 0 0 0 0 0 0 0 0 0 0 0 0 0 0 0 0 0 0 0 0 0 0 0 0 0 0 0 0 0 0 0 0 0 0 0 0 0 0 0 0 0 0 0 0 0 0 0 0 0 0 0 0 0 0 0 0 0 0 0 0 0 0 0 0 0 0 0 0 0 0 0 0 0 0 0 0 0 0 0 0 0 0 0 0 0 0 0 0 0 0 0 0 0 0 0 0 0 0 0 0 0 0 0 0 0 0 0 0 0
0 0 0 0 0 0 0 0 0 0 0 0 0 0 0 9.619 9.619 9.619 9.619 9.619 1.0476 1.0476 1.0476 1.0476 1.0476 1.0476 1.0476 1.0476 1.0476 1.0476 1.0476 1.0476 1.0476 1.0476 1.0476 1.0476 1.0476 1.0476 1.0476 1.0476 1.0476 1.0476 1.0476 1.0476 1.0476 0 0 0 0 0 0 0 0 0 0 0 0 0 0 0 0 0 0 0 0 0 0 0 0 0 0 0 0 0 0 0 0 0 0 0 0 0 0 0 0 0 0 0 0 0 0 0 0 0 0 0 0 0 0 0 0 0 0 0 0 0 0 0 0 0 0 0 0 0 0 0 0 0 0 0 0 0 0 0 0 0 0 0 0 0 0 0 0 0 0 0 0 0 0 0 0 0 0 0 0 0 0 0 0 0 0 0 0 0 0 0 0 0 0 0 0 0 0 0 0 0 0 0 0 0 0 0 0 0 0 0 0 0 0 0
0 0 0 0 0 0 0 0 0 0 0 0 0 0 0 9.619 9.619 9.619 9.619 9.619 1.0476 1.0476 1.0476 1.0476 1.0476 1.0476 1.0476 1.0476 1.0476 1.0476 1.0476 1.0476 1.0476 1.0476 1.0476 1.0476 1.0476 1.0476 1.0476 1.0476 1.0476 1.0476 1.0476 1.0476 1.0476 0 0 0 0 0 0 0 0 0 0 0 0 0 0 0 0 0 0 0 0 0 0 0 0 0 0 0 0 0 0 0 0 0 0 0 0 0 0 0 0 0 0 0 0 0 0 0 0 0 0 0 0 0 0 0 0 0 0 0 0 0 0 0 0 0 0 0 0 0 0 0 0 0 0 0 0 0 0 0 0 0 0 0 0 0 0 0 0 0 0 0 0 0 0 0 0 0 0 0 0 0 0 0 0 0 0 0 0 0 0 0 0 0 0 0 0 0 0 0 0 0 0 0 0 0 0 0 0 0 0 0 0 0 0 0
0 0 0 0 0 0 0 0 0 0 0 0 0 0 0 9.619 9.619 9.619 9.619 9.619 1.0476 1.0476 1.0476 1.0476 1.0476 1.0476 1.0476 1.0476 1.0476 1.0476 1.0476 1.0476 1.0476 1.0476 1.0476 1.0476 1.0476 1.0476 1.0476 1.0476 1.0476 1.0476 1.0476 1.0476 1.0476 0 0 0 0 0 0 0 0 0 0 0 0 0 0 0 0 0 0 0 0 0 0 0 0 0 0 0 0 0 0 0 0 0 0 0 0 0 0 0 0 0 0 0 0 0 0 0 0 0 0 0 0 0 0 0 0 0 0 0 0 0 0 0 0 0 0 0 0 0 0 0 0 0 0 0 0 0 0 0 0 0 0 0 0 0 0 0 0 0 0 0 0 0 0 0 0 0 0 0 0 0 0 0 0 0 0 0 0 0 0 0 0 0 0 0 0 0 0 0 0 0 0 0 0 0 0 0 0 0 0 0 0 0 0 0
0 0 0 0 0 0 0 0 0 0 0 0 0 0 0 9.619 9.619 9.619 9.619 9.619 1.0476 1.0476 1.0476 1.0476 1.0476 1.0476 1.0476 1.0476 1.0476 1.0476 1.0476 1.0476 1.0476 1.0476 1.0476 1.0476 1.0476 1.0476 1.0476 1.0476 1.0476 1.0476 1.0476 1.0476 1.0476 0 0 0 0 0 0 0 0 0 0 0 0 0 0 0 0 0 0 0 0 0 0 0 0 0 0 0 0 0 0 0 0 0 0 0 0 0 0 0 0 0 0 0 0 0 0 0 0 0 0 0 0 0 0 0 0 0 0 0 0 0 0 0 0 0 0 0 0 0 0 0 0 0 0 0 0 0 0 0 0 0 0 0 0 0 0 0 0 0 0 0 0 0 0 0 0 0 0 0 0 0 0 0 0 0 0 0 0 0 0 0 0 0 0 0 0 0 0 0 0 0 0 0 0 0 0 0 0 0 0 0 0 0 0 0
0 0 0 0 0 0 0 0 0 0 0 0 0 0 0 9.619 9.619 9.619 9.619 9.619 1.0476 1.0476 1.0476 1.0476 1.0476 1.0476 1.0476 1.0476 1.0476 1.0476 1.0476 1.0476 1.0476 1.0476 1.0476 1.0476 1.0476 1.0476 1.0476 1.0476 1.0476 1.0476 1.0476 1.0476 1.0476 0 0 0 0 0 0 0 0 0 0 0 0 0 0 0 0 0 0 0 0 0 0 0 0 0 0 0 0 0 0 0 0 0 0 0 0 0 0 0 0 0 0 0 0 0 0 0 0 0 0 0 0 0 0 0 0 0 0 0 0 0 0 0 0 0 0 0 0 0 0 0 0 0 0 0 0 0 0 0 0 0 0 0 0 0 0 0 0 0 0 0 0 0 0 0 0 0 0 0 0 0 0 0 0 0 0 0 0 0 0 0 0 0 0 0 0 0 0 0 0 0 0 0 0 0 0 0 0 0 0 0 0 0 0 0
0 0 0 0 0 0 0 0 0 0 0 0 0 0 0 9.619 9.619 9.619 9.619 9.619 1.0476 1.0476 1.0476 1.0476 1.0476 1.0476 1.0476 1.0476 1.0476 1.0476 1.0476 1.0476 1.0476 1.0476 1.0476 1.0476 1.0476 1.0476 1.0476 1.0476 1.0476 1.0476 1.0476 1.0476 1.0476 0 0 0 0 0 0 0 0 0 0 0 0 0 0 0 0 0 0 0 0 0 0 0 0 0 0 0 0 0 0 0 0 0 0 0 0 0 0 0 0 0 0 0 0 0 0 0 0 0 0 0 0 0 0 0 0 0 0 0 0 0 0 0 0 0 0 0 0 0 0 0 0 0 0 0 0 0 0 0 0 0 0 0 0 0 0 0 0 0 0 0 0 0 0 0 0 0 0 0 0 0 0 0 0 0 0 0 0 0 0 0 0 0 0 0 0 0 0 0 0 0 0 0 0 0 0 0 0 0 0 0 0 0 0 0
0 0 0 0 0 0 0 0 0 0 0 0 0 0 0 9.619 9.619 9.619 9.619 9.619 1.0476 1.0476 1.0476 1.0476 1.0476 1.0476 1.0476 1.0476 1.0476 1.0476 1.0476 1.0476 1.0476 1.0476 1.0476 1.0476 1.0476 1.0476 1.0476 1.0476 1.0476 1.0476 1.0476 1.0476 1.0476 0 0 0 0 0 0 0 0 0 0 0 0 0 0 0 0 0 0 0 0 0 0 0 0 0 0 0 0 0 0 0 0 0 0 0 0 0 0 0 0 0 0 0 0 0 0 0 0 0 0 0 0 0 0 0 0 0 0 0 0 0 0 0 0 0 0 0 0 0 0 0 0 0 0 0 0 0 0 0 0 0 0 0 0 0 0 0 0 0 0 0 0 0 0 0 0 0 0 0 0 0 0 0 0 0 0 0 0 0 0 0 0 0 0 0 0 0 0 0 0 0 0 0 0 0 0 0 0 0 0 0 0 0 0 0
0 0 0 0 0 0 0 0 0 0 0 0 0 0 0 9.619 9.619 9.619 9.619 9.619 1.0476 1.0476 1.0476 1.0476 1.0476 1.0476 1.0476 1.0476 1.0476 1.0476 1.0476 1.0476 1.0476 1.0476 1.0476 1.0476 1.0476 1.0476 1.0476 1.0476 1.0476 1.0476 1.0476 1.0476 1.0476 0 0 0 0 0 0 0 0 0 0 0 0 0 0 0 0 0 0 0 0 0 0 0 0 0 0 0 0 0 0 0 0 0 0 0 0 0 0 0 0 0 0 0 0 0 0 0 0 0 0 0 0 0 0 0 0 0 0 0 0 0 0 0 0 0 0 0 0 0 0 0 0 0 0 0 0 0 0 0 0 0 0 0 0 0 0 0 0 0 0 0 0 0 0 0 0 0 0 0 0 0 0 0 0 0 0 0 0 0 0 0 0 0 0 0 0 0 0 0 0 0 0 0 0 0 0 0 0 0 0 0 0 0 0 0
0 0 0 0 0 0 0 0 0 0 0 0 0 0 0 9.619 9.619 9.619 9.619 9.619 1.0476 1.0476 1.0476 1.0476 1.0476 1.0476 1.0476 1.0476 1.0476 1.0476 1.0476 1.0476 1.0476 1.0476 1.0476 1.0476 1.0476 1.0476 1.0476 1.0476 1.0476 1.0476 1.0476 1.0476 1.0476 0 0 0 0 0 0 0 0 0 0 0 0 0 0 0 0 0 0 0 0 0 0 0 0 0 0 0 0 0 0 0 0 0 0 0 0 0 0 0 0 0 0 0 0 0 0 0 0 0 0 0 0 0 0 0 0 0 0 0 0 0 0 0 0 0 0 0 0 0 0 0 0 0 0 0 0 0 0 0 0 0 0 0 0 0 0 0 0 0 0 0 0 0 0 0 0 0 0 0 0 0 0 0 0 0 0 0 0 0 0 0 0 0 0 0 0 0 0 0 0 0 0 0 0 0 0 0 0 0 0 0 0 0 0 0
0 0 0 0 0 0 0 0 0 0 0 0 0 0 0 9.619 9.619 9.619 9.619 9.619 1.0476 1.0476 1.0476 1.0476 1.0476 1.0476 1.0476 1.0476 1.0476 1.0476 1.0476 1.0476 1.0476 1.0476 1.0476 1.0476 1.0476 1.0476 1.0476 1.0476 1.0476 1.0476 1.0476 1.0476 1.0476 0 0 0 0 0 0 0 0 0 0 0 0 0 0 0 0 0 0 0 0 0 0 0 0 0 0 0 0 0 0 0 0 0 0 0 0 0 0 0 0 0 0 0 0 0 0 0 0 0 0 0 0 0 0 0 0 0 0 0 0 0 0 0 0 0 0 0 0 0 0 0 0 0 0 0 0 0 0 0 0 0 0 0 0 0 0 0 0 0 0 0 0 0 0 0 0 0 0 0 0 0 0 0 0 0 0 0 0 0 0 0 0 0 0 0 0 0 0 0 0 0 0 0 0 0 0 0 0 0 0 0 0 0 0 0
0 0 0 0 0 0 0 0 0 0 0 0 0 0 0 9.619 9.619 9.619 9.619 9.619 1.0476 1.0476 1.0476 1.0476 1.0476 1.0476 1.0476 1.0476 1.0476 1.0476 1.0476 1.0476 1.0476 1.0476 1.0476 1.0476 1.0476 1.0476 1.0476 1.0476 1.0476 1.0476 1.0476 1.0476 1.0476 0 0 0 0 0 0 0 0 0 0 0 0 0 0 0 0 0 0 0 0 0 0 0 0 0 0 0 0 0 0 0 0 0 0 0 0 0 0 0 0 0 0 0 0 0 0 0 0 0 0 0 0 0 0 0 0 0 0 0 0 0 0 0 0 0 0 0 0 0 0 0 0 0 0 0 0 0 0 0 0 0 0 0 0 0 0 0 0 0 0 0 0 0 0 0 0 0 0 0 0 0 0 0 0 0 0 0 0 0 0 0 0 0 0 0 0 0 0 0 0 0 0 0 0 0 0 0 0 0 0 0 0 0 0 0
0 0 0 0 0 0 0 0 0 0 0 0 0 0 0 9.619 9.619 9.619 9.619 9.619 1.0476 1.0476 1.0476 1.0476 1.0476 1.0476 1.0476 1.0476 1.0476 1.0476 1.0476 1.0476 1.0476 1.0476 1.0476 1.0476 1.0476 1.0476 1.0476 1.0476 1.0476 1.0476 1.0476 1.0476 1.0476 0 0 0 0 0 0 0 0 0 0 0 0 0 0 0 0 0 0 0 0 0 0 0 0 0 0 0 0 0 0 0 0 0 0 0 0 0 0 0 0 0 0 0 0 0 0 0 0 0 0 0 0 0 0 0 0 0 0 0 0 0 0 0 0 0 0 0 0 0 0 0 0 0 0 0 0 0 0 0 0 0 0 0 0 0 0 0 0 0 0 0 0 0 0 0 0 0 0 0 0 0 0 0 0 0 0 0 0 0 0 0 0 0 0 0 0 0 0 0 0 0 0 0 0 0 0 0 0 0 0 0 0 0 0 0
0 0 0 0 0 0 0 0 0 0 0 0 0 0 0 9.619 9.619 9.619 9.619 9.619 1.0476 1.0476 1.0476 1.0476 1.0476 1.0476 1.0476 1.0476 1.0476 1.0476 1.0476 1.0476 1.0476 1.0476 1.0476 1.0476 1.0476 1.0476 1.0476 1.0476 1.0476 1.0476 1.0476 1.0476 1.0476 0 0 0 0 0 0 0 0 0 0 0 0 0 0 0 0 0 0 0 0 0 0 0 0 0 0 0 0 0 0 0 0 0 0 0 0 0 0 0 0 0 0 0 0 0 0 0 0 0 0 0 0 0 0 0 0 0 0 0 0 0 0 0 0 0 0 0 0 0 0 0 0 0 0 0 0 0 0 0 0 0 0 0 0 0 0 0 0 0 0 0 0 0 0 0 0 0 0 0 0 0 0 0 0 0 0 0 0 0 0 0 0 0 0 0 0 0 0 0 0 0 0 0 0 0 0 0 0 0 0 0 0 0 0 0
0 0 0 0 0 0 0 0 0 0 0 0 0 0 0 9.619 9.619 9.619 9.619 9.619 1.0476 1.0476 1.0476 1.0476 1.0476 1.0476 1.0476 1.0476 1.0476 1.0476 1.0476 1.0476 1.0476 1.0476 1.0476 1.0476 1.0476 1.0476 1.0476 1.0476 1.0476 1.0476 1.0476 1.0476 1.0476 0 0 0 0 0 0 0 0 0 0 0 0 0 0 0 0 0 0 0 0 0 0 0 0 0 0 0 0 0 0 0 0 0 0 0 0 0 0 0 0 0 0 0 0 0 0 0 0 0 0 0 0 0 0 0 0 0 0 0 0 0 0 0 0 0 0 0 0 0 0 0 0 0 0 0 0 0 0 0 0 0 0 0 0 0 0 0 0 0 0 0 0 0 0 0 0 0 0 0 0 0 0 0 0 0 0 0 0 0 0 0 0 0 0 0 0 0 0 0 0 0 0 0 0 0 0 0 0 0 0 0 0 0 0 0
0 0 0 0 0 0 0 0 0 0 0 0 0 0 0 9.619 9.619 9.619 9.619 9.619 1.0476 1.0476 1.0476 1.0476 1.0476 1.0476 1.0476 1.0476 1.0476 1.0476 1.0476 1.0476 1.0476 1.0476 1.0476 1.0476 1.0476 1.0476 1.0476 1.0476 1.0476 1.0476 1.0476 1.0476 1.0476 0 0 0 0 0 0 0 0 0 0 0 0 0 0 0 0 0 0 0 0 0 0 0 0 0 0 0 0 0 0 0 0 0 0 0 0 0 0 0 0 0 0 0 0 0 0 0 0 0 0 0 0 0 0 0 0 0 0 0 0 0 0 0 0 0 0 0 0 0 0 0 0 0 0 0 0 0 0 0 0 0 0 0 0 0 0 0 0 0 0 0 0 0 0 0 0 0 0 0 0 0 0 0 0 0 0 0 0 0 0 0 0 0 0 0 0 0 0 0 0 0 0 0 0 0 0 0 0 0 0 0 0 0 0 0
0 0 0 0 0 0 0 0 0 0 0 0 0 0 0 9.619 9.619 9.619 9.619 9.619 1.0476 1.0476 1.0476 1.0476 1.0476 1.0476 1.0476 1.0476 1.0476 1.0476 1.0476 1.0476 1.0476 1.0476 1.0476 1.0476 1.0476 1.0476 1.0476 1.0476 1.0476 1.0476 1.0476 1.0476 1.0476 0 0 0 0 0 0 0 0 0 0 0 0 0 0 0 0 0 0 0 0 0 0 0 0 0 0 0 0 0 0 0 0 0 0 0 0 0 0 0 0 0 0 0 0 0 0 0 0 0 0 0 0 0 0 0 0 0 0 0 0 0 0 0 0 0 0 0 0 0 0 0 0 0 0 0 0 0 0 0 0 0 0 0 0 0 0 0 0 0 0 0 0 0 0 0 0 0 0 0 0 0 0 0 0 0 0 0 0 0 0 0 0 0 0 0 0 0 0 0 0 0 0 0 0 0 0 0 0 0 0 0 0 0 0 0
0 0 0 0 0 0 0 0 0 0 0 0 0 0 0 9.619 9.619 9.619 9.619 9.619 1.0476 1.0476 1.0476 1.0476 1.0476 1.0476 1.0476 1.0476 1.0476 1.0476 1.0476 1.0476 1.0476 1.0476 1.0476 1.0476 1.0476 1.0476 1.0476 1.0476 1.0476 1.0476 1.0476 1.0476 1.0476 0 0 0 0 0 0 0 0 0 0 0 0 0 0 0 0 0 0 0 0 0 0 0 0 0 0 0 0 0 0 0 0 0 0 0 0 0 0 0 0 0 0 0 0 0 0 0 0 0 0 0 0 0 0 0 0 0 0 0 0 0 0 0 0 0 0 0 0 0 0 0 0 0 0 0 0 0 0 0 0 0 0 0 0 0 0 0 0 0 0 0 0 0 0 0 0 0 0 0 0 0 0 0 0 0 0 0 0 0 0 0 0 0 0 0 0 0 0 0 0 0 0 0 0 0 0 0 0 0 0 0 0 0 0 0
0 0 0 0 0 0 0 0 0 0 0 0 0 0 0 9.619 9.619 9.619 9.619 9.619 1.0476 1.0476 1.0476 1.0476 1.0476 1.0476 1.0476 1.0476 1.0476 1.0476 1.0476 1.0476 1.0476 1.0476 1.0476 1.0476 1.0476 1.0476 1.0476 1.0476 1.0476 1.0476 1.0476 1.0476 1.0476 0 0 0 0 0 0 0 0 0 0 0 0 0 0 0 0 0 0 0 0 0 0 0 0 0 0 0 0 0 0 0 0 0 0 0 0 0 0 0 0 0 0 0 0 0 0 0 0 0 0 0 0 0 0 0 0 0 0 0 0 0 0 0 0 0 0 0 0 0 0 0 0 0 0 0 0 0 0 0 0 0 0 0 0 0 0 0 0 0 0 0 0 0 0 0 0 0 0 0 0 0 0 0 0 0 0 0 0 0 0 0 0 0 0 0 0 0 0 0 0 0 0 0 0 0 0 0 0 0 0 0 0 0 0 0
0 0 0 0 0 0 0 0 0 0 0 0 0 0 0 9.619 9.619 9.619 9.619 9.619 1.0476 1.0476 1.0476 1.0476 1.0476 1.0476 1.0476 1.0476 1.0476 1.0476 1.0476 1.0476 1.0476 1.0476 1.0476 1.0476 1.0476 1.0476 1.0476 1.0476 1.0476 1.0476 1.0476 1.0476 1.0476 0 0 0 0 0 0 0 0 0 0 0 0 0 0 0 0 0 0 0 0 0 0 0 0 0 0 0 0 0 0 0 0 0 0 0 0 0 0 0 0 0 0 0 0 0 0 0 0 0 0 0 0 0 0 0 0 0 0 0 0 0 0 0 0 0 0 0 0 0 0 0 0 0 0 0 0 0 0 0 0 0 0 0 0 0 0 0 0 0 0 0 0 0 0 0 0 0 0 0 0 0 0 0 0 0 0 0 0 0 0 0 0 0 0 0 0 0 0 0 0 0 0 0 0 0 0 0 0 0 0 0 0 0 0 0
0 0 0 0 0 0 0 0 0 0 0 0 0 0 0 9.619 9.619 9.619 9.619 9.619 1.0476 1.0476 1.0476 1.0476 1.0476 1.0476 1.0476 1.0476 1.0476 1.0476 1.0476 1.0476 1.0476 1.0476 1.0476 1.0476 1.0476 1.0476 1.0476 1.0476 1.0476 1.0476 1.0476 1.0476 1.0476 0 0 0 0 0 0 0 0 0 0 0 0 0 0 0 0 0 0 0 0 0 0 0 0 0 0 0 0 0 0 0 0 0 0 0 0 0 0 0 0 0 0 0 0 0 0 0 0 0 0 0 0 0 0 0 0 0 0 0 0 0 0 0 0 0 0 0 0 0 0 0 0 0 0 0 0 0 0 0 0 0 0 0 0 0 0 0 0 0 0 0 0 0 0 0 0 0 0 0 0 0 0 0 0 0 0 0 0 0 0 0 0 0 0 0 0 0 0 0 0 0 0 0 0 0 0 0 0 0 0 0 0 0 0 0
0 0 0 0 0 0 0 0 0 0 0 0 0 0 0 9.619 9.619 9.619 9.619 9.619 1.0476 1.0476 1.0476 1.0476 1.0476 1.0476 1.0476 1.0476 1.0476 1.0476 1.0476 1.0476 1.0476 1.0476 1.0476 1.0476 1.0476 1.0476 1.0476 1.0476 1.0476 1.0476 1.0476 1.0476 1.0476 0 0 0 0 0 0 0 0 0 0 0 0 0 0 0 0 0 0 0 0 0 0 0 0 0 0 0 0 0 0 0 0 0 0 0 0 0 0 0 0 0 0 0 0 0 0 0 0 0 0 0 0 0 0 0 0 0 0 0 0 0 0 0 0 0 0 0 0 0 0 0 0 0 0 0 0 0 0 0 0 0 0 0 0 0 0 0 0 0 0 0 0 0 0 0 0 0 0 0 0 0 0 0 0 0 0 0 0 0 0 0 0 0 0 0 0 0 0 0 0 0 0 0 0 0 0 0 0 0 0 0 0 0 0 0
0 0 0 0 0 0 0 0 0 0 0 0 0 0 0 9.619 9.619 9.619 9.619 9.619 1.0476 1.0476 1.0476 1.0476 1.0476 1.0476 1.0476 1.0476 1.0476 1.0476 1.0476 1.0476 1.0476 1.0476 1.0476 1.0476 1.0476 1.0476 1.0476 1.0476 1.0476 1.0476 1.0476 1.0476 1.0476 0 0 0 0 0 0 0 0 0 0 0 0 0 0 0 0 0 0 0 0 0 0 0 0 0 0 0 0 0 0 0 0 0 0 0 0 0 0 0 0 0 0 0 0 0 0 0 0 0 0 0 0 0 0 0 0 0 0 0 0 0 0 0 0 0 0 0 0 0 0 0 0 0 0 0 0 0 0 0 0 0 0 0 0 0 0 0 0 0 0 0 0 0 0 0 0 0 0 0 0 0 0 0 0 0 0 0 0 0 0 0 0 0 0 0 0 0 0 0 0 0 0 0 0 0 0 0 0 0 0 0 0 0 0 0
0 0 0 0 0 0 0 0 0 0 0 0 0 0 0 9.619 9.619 9.619 9.619 9.619 1.0476 1.0476 1.0476 1.0476 1.0476 1.0476 1.0476 1.0476 1.0476 1.0476 1.0476 1.0476 1.0476 1.0476 1.0476 1.0476 1.0476 1.0476 1.0476 1.0476 1.0476 1.0476 1.0476 1.0476 1.0476 0 0 0 0 0 0 0 0 0 0 0 0 0 0 0 0 0 0 0 0 0 0 0 0 0 0 0 0 0 0 0 0 0 0 0 0 0 0 0 0 0 0 0 0 0 0 0 0 0 0 0 0 0 0 0 0 0 0 0 0 0 0 0 0 0 0 0 0 0 0 0 0 0 0 0 0 0 0 0 0 0 0 0 0 0 0 0 0 0 0 0 0 0 0 0 0 0 0 0 0 0 0 0 0 0 0 0 0 0 0 0 0 0 0 0 0 0 0 0 0 0 0 0 0 0 0 0 0 0 0 0 0 0 0 0
0 0 0 0 0 0 0 0 0 0 0 0 0 0 0 9.619 9.619 9.619 9.619 9.619 1.0476 1.0476 1.0476 1.0476 1.0476 1.0476 1.0476 1.0476 1.0476 1.0476 1.0476 1.0476 1.0476 1.0476 1.0476 1.0476 1.0476 1.0476 1.0476 1.0476 1.0476 1.0476 1.0476 1.0476 1.0476 0 0 0 0 0 0 0 0 0 0 0 0 0 0 0 0 0 0 0 0 0 0 0 0 0 0 0 0 0 0 0 0 0 0 0 0 0 0 0 0 0 0 0 0 0 0 0 0 0 0 0 0 0 0 0 0 0 0 0 0 0 0 0 0 0 0 0 0 0 0 0 0 0 0 0 0 0 0 0 0 0 0 0 0 0 0 0 0 0 0 0 0 0 0 0 0 0 0 0 0 0 0 0 0 0 0 0 0 0 0 0 0 0 0 0 0 0 0 0 0 0 0 0 0 0 0 0 0 0 0 0 0 0 0 0
0 0 0 0 0 0 0 0 0 0 0 0 0 0 0 9.619 9.619 9.619 9.619 9.619 1.0476 1.0476 1.0476 1.0476 1.0476 1.0476 1.0476 1.0476 1.0476 1.0476 1.0476 1.0476 1.0476 1.0476 1.0476 1.0476 1.0476 1.0476 1.0476 1.0476 1.0476 1.0476 1.0476 1.0476 1.0476 0 0 0 0 0 0 0 0 0 0 0 0 0 0 0 0 0 0 0 0 0 0 0 0 0 0 0 0 0 0 0 0 0 0 0 0 0 0 0 0 0 0 0 0 0 0 0 0 0 0 0 0 0 0 0 0 0 0 0 0 0 0 0 0 0 0 0 0 0 0 0 0 0 0 0 0 0 0 0 0 0 0 0 0 0 0 0 0 0 0 0 0 0 0 0 0 0 0 0 0 0 0 0 0 0 0 0 0 0 0 0 0 0 0 0 0 0 0 0 0 0 0 0 0 0 0 0 0 0 0 0 0 0 0 0
0 0 0 0 0 0 0 0 0 0 0 0 0 0 0 9.619 9.619 9.619 9.619 9.619 1.0476 1.0476 1.0476 1.0476 1.0476 1.0476 1.0476 1.0476 1.0476 1.0476 1.0476 1.0476 1.0476 1.0476 1.0476 1.0476 1.0476 1.0476 1.0476 1.0476 1.0476 1.0476 1.0476 1.0476 1.0476 0 0 0 0 0 0 0 0 0 0 0 0 0 0 0 0 0 0 0 0 0 0 0 0 0 0 0 0 0 0 0 0 0 0 0 0 0 0 0 0 0 0 0 0 0 0 0 0 0 0 0 0 0 0 0 0 0 0 0 0 0 0 0 0 0 0 0 0 0 0 0 0 0 0 0 0 0 0 0 0 0 0 0 0 0 0 0 0 0 0 0 0 0 0 0 0 0 0 0 0 0 0 0 0 0 0 0 0 0 0 0 0 0 0 0 0 0 0 0 0 0 0 0 0 0 0 0 0 0 0 0 0 0 0 0
0 0 0 0 0 0 0 0 0 0 0 0 0 0 0 9.619 9.619 9.619 9.619 9.619 1.0476 1.0476 1.0476 1.0476 1.0476 1.0476 1.0476 1.0476 1.0476 1.0476 1.0476 1.0476 1.0476 1.0476 1.0476 1.0476 1.0476 1.0476 1.0476 1.0476 1.0476 1.0476 1.0476 1.0476 1.0476 0 0 0 0 0 0 0 0 0 0 0 0 0 0 0 0 0 0 0 0 0 0 0 0 0 0 0 0 0 0 0 0 0 0 0 0 0 0 0 0 0 0 0 0 0 0 0 0 0 0 0 0 0 0 0 0 0 0 0 0 0 0 0 0 0 0 0 0 0 0 0 0 0 0 0 0 0 0 0 0 0 0 0 0 0 0 0 0 0 0 0 0 0 0 0 0 0 0 0 0 0 0 0 0 0 0 0 0 0 0 0 0 0 0 0 0 0 0 0 0 0 0 0 0 0 0 0 0 0 0 0 0 0 0 0
