0 0 0 0 0 0 0 0 0 0 0 0 0 0 0 14.286 14.286 14.286 14.286 14.286 0 0 0 0 0
0 0 0 0 0 0 0 0 0 0 0 0 0 0 0 14.286 14.286 14.286 14.286 14.286 0 0 0 0 0
0 0 0 0 0 0 0 0 0 0 0 0 0 0 0 14.286 14.286 14.286 14.286 14.286 0 0 0 0 0
0 0 0 0 0 0 0 0 0 0 0 0 0 0 0 14.286 14.286 14.286 14.286 14.286 0 0 0 0 0
0 0 0 0 0 0 0 0 0 0 0 0 0 0 0 14.286 14.286 14.286 14.286 14.286 0 0 0 0 0
0 0 0 0 0 0 0 0 0 0 0 0 0 0 0 14.286 14.286 14.286 14.286 14.286 0 0 0 0 0
0 0 0 0 0 0 0 0 0 0 0 0 0 0 0 14.286 14.286 14.286 14.286 14.286 0 0 0 0 0
0 0 0 0 0 0 0 0 0 0 0 0 0 0 0 14.286 14.286 14.286 14.286 14.286 0 0 0 0 0
0 0 0 0 0 0 0 0 0 0 0 0 0 0 0 14.286 14.286 14.286 14.286 14.286 0 0 0 0 0
0 0 0 0 0 0 0 0 0 0 0 0 0 0 0 14.286 14.286 14.286 14.286 14.286 0 0 0 0 0
0 0 0 0 0 0 0 0 0 0 0 0 0 0 0 14.286 14.286 14.286 14.286 14.286 0 0 0 0 0
0 0 0 0 0 0 0 0 0 0 0 0 0 0 0 14.286 14.286 14.286 14.286 14.286 0 0 0 0 0
0 0 0 0 0 0 0 0 0 0 0 0 0 0 0 14.286 14.286 14.286 14.286 14.286 0 0 0 0 0
0 0 0 0 0 0 0 0 0 0 0 0 0 0 0 14.286 14.286 14.286 14.286 14.286 0 0 0 0 0
0 0 0 0 0 0 0 0 0 0 0 0 0 0 0 14.286 14.286 14.286 14.286 14.286 0 0 0 0 0
0 0 0 0 0 0 0 0 0 0 0 0 0 0 0 14.286 14.286 14.286 14.286 14.286 0 0 0 0 0
0 0 0 0 0 0 0 0 0 0 0 0 0 0 0 14.286 14.286 14.286 14.286 14.286 0 0 0 0 0
0 0 0 0 0 0 0 0 0 0 0 0 0 0 0 14.286 14.286 14.286 14.286 14.286 0 0 0 0 0
0 0 0 0 0 0 0 0 0 0 0 0 0 0 0 14.286 14.286 14.286 14.286 14.286 0 0 0 0 0
0 0 0 0 0 0 0 0 0 0 0 0 0 0 0 14.286 14.286 14.286 14.286 14.286 0 0 0 0 0
0 0 0 0 0 0 0 0 0 0 0 0 0 0 0 14.286 14.286 14.286 14.286 14.286 0 0 0 0 0
0 0 0 0 0 0 0 0 0 0 0 0 0 0 0 14.286 14.286 14.286 14.286 14.286 0 0 0 0 0
0 0 0 0 0 0 0 0 0 0 0 0 0 0 0 14.286 14.286 14.286 14.286 14.286 0 0 0 0 0
0 0 0 0 0 0 0 0 0 0 0 0 0 0 0 14.286 14.286 14.286 14.286 14.286 0 0 0 0 0
0 0 0 0 0 0 0 0 0 0 0 0 0 0 0 14.286 14.286 14.286 14.286 14.286 0 0 0 0 0
0 0 0 0 0 0 0 0 0 0 0 0 0 0 0 14.286 14.286 14.286 14.286 14.286 0 0 0 0 0
0 0 0 0 0 0 0 0 0 0 0 0 0 0 0 14.286 14.286 14.286 14.286 14.286 0 0 0 0 0
0 0 0 0 0 0 0 0 0 0 0 0 0 0 0 14.286 14.286 14.286 14.286 14.286 0 0 0 0 0
0 0 0 0 0 0 0 0 0 0 0 0 0 0 0 14.286 14.286 14.286 14.286 14.286 0 0 0 0 0
0 0 0 0 0 0 0 0 0 0 0 0 0 0 0 14.286 14.286 14.286 14.286 14.286 0 0 0 0 0
0 0 0 0 0 0 0 0 0 0 0 0 0 0 0 14.286 14.286 14.286 14.286 14.286 0 0 0 0 0
0 0 0 0 0 0 0 0 0 0 0 0 0 0 0 14.286 14.286 14.286 14.286 14.286 0 0 0 0 0
0 0 0 0 0 0 0 0 0 0 0 0 0 0 0 14.286 14.286 14.286 14.286 14.286 0 0 0 0 0
0 0 0 0 0 0 0 0 0 0 0 0 0 0 0 14.286 14.286 14.286 14.286 14.286 0 0 0 0 0
0 0 0 0 0 0 0 0 0 0 0 0 0 0 0 14.286 14.286 14.286 14.286 14.286 0 0 0 0 0
0 0 0 0 0 0 0 0 0 0 0 0 0 0 0 14.286 14.286 14.286 14.286 14.286 0 0 0 0 0
0 0 0 0 0 0 0 0 0 0 0 0 0 0 0 14.286 14.286 14.286 14.286 14.286 0 0 0 0 0
0 0 0 0 0 0 0 0 0 0 0 0 0 0 0 14.286 14.286 14.286 14.286 14.286 0 0 0 0 0
0 0 0 0 0 0 0 0 0 0 0 0 0 0 0 14.286 14.286 14.286 14.286 14.286 0 0 0 0 0
0 0 0 0 0 0 0 0 0 0 0 0 0 0 0 14.286 14.286 14.286 14.286 14.286 0 0 0 0 0
0 0 0 0 0 0 0 0 0 0 0 0 0 0 0 14.286 14.286 14.286 14.286 14.286 0 0 0 0 0
0 0 0 0 0 0 0 0 0 0 0 0 0 0 0 14.286 14.286 14.286 14.286 14.286 0 0 0 0 0
0 0 0 0 0 0 0 0 0 0 0 0 0 0 0 14.286 14.286 14.286 14.286 14.286 0 0 0 0 0
0 0 0 0 0 0 0 0 0 0 0 0 0 0 0 14.286 14.286 14.286 14.286 14.286 0 0 0 0 0
0 0 0 0 0 0 0 0 0 0 0 0 0 0 0 14.286 14.286 14.286 14.286 14.286 0 0 0 0 0
0 0 0 0 0 0 0 0 0 0 0 0 0 0 0 14.286 14.286 14.286 14.286 14.286 0 0 0 0 0
0 0 0 0 0 0 0 0 0 0 0 0 0 0 0 14.286 14.286 14.286 14.286 14.286 0 0 0 0 0
0 0 0 0 0 0 0 0 0 0 0 0 0 0 0 14.286 14.286 14.286 14.286 14.286 0 0 0 0 0
0 0 0 0 0 0 0 0 0 0 0 0 0 0 0 14.286 14.286 14.286 14.286 14.286 0 0 0 0 0
0 0 0 0 0 0 0 0 0 0 0 0 0 0 0 14.286 14.286 14.286 14.286 14.286 0 0 0 0 0
0 0 0 0 0 0 0 0 0 0 0 0 0 0 0 14.286 14.286 14.286 14.286 14.286 0 0 0 0 0
0 0 0 0 0 0 0 0 0 0 0 0 0 0 0 14.286 14.286 14.286 14.286 14.286 0 0 0 0 0
0 0 0 0 0 0 0 0 0 0 0 0 0 0 0 14.286 14.286 14.286 14.286 14.286 0 0 0 0 0
0 0 0 0 0 0 0 0 0 0 0 0 0 0 0 14.286 14.286 14.286 14.286 14.286 0 0 0 0 0
0 0 0 0 0 0 0 0 0 0 0 0 0 0 0 14.286 14.286 14.286 14.286 14.286 0 0 0 0 0
0 0 0 0 0 0 0 0 0 0 0 0 0 0 0 14.286 14.286 14.286 14.286 14.286 0 0 0 0 0
0 0 0 0 0 0 0 0 0 0 0 0 0 0 0 14.286 14.286 14.286 14.286 14.286 0 0 0 0 0
0 0 0 0 0 0 0 0 0 0 0 0 0 0 0 14.286 14.286 14.286 14.286 14.286 0 0 0 0 0
0 0 0 0 0 0 0 0 0 0 0 0 0 0 0 14.286 14.286 14.286 14.286 14.286 0 0 0 0 0
0 0 0 0 0 0 0 0 0 0 0 0 0 0 0 14.286 14.286 14.286 14.286 14.286 0 0 0 0 0
0 0 0 0 0 0 0 0 0 0 0 0 0 0 0 14.286 14.286 14.286 14.286 14.286 0 0 0 0 0
0 0 0 0 0 0 0 0 0 0 0 0 0 0 0 14.286 14.286 14.286 14.286 14.286 0 0 0 0 0
0 0 0 0 0 0 0 0 0 0 0 0 0 0 0 14.286 14.286 14.286 14.286 14.286 0 0 0 0 0
0 0 0 0 0 0 0 0 0 0 0 0 0 0 0 14.286 14.286 14.286 14.286 14.286 0 0 0 0 0
