0 0 0 0 0 0 0 0 0 0 0 0 0 0 0 3.9524 3.9524 3.9524 3.9524 3.9524 3.9524 3.9524 3.9524 3.9524 3.9524 3.9524 3.9524 3.9524 3.9524 3.9524 3.9524 3.9524 3.9524 3.9524 3.9524 3.9524 3.9524 3.9524 3.9524 3.9524 3.9524 3.9524 3.9524 3.9524 3.9524 0 0 0 0 0 0 0 0 0 0 0 0 0 0 0 0 0 0 0 0 0 0 0 0 0 0 0 0 0 0 0 0 0 0 0 0 0 0 0 0 0 0 0 0 0 0 0 0 0 0 0 0 0 0 0 0 0 0 0 0 0 0 0 0 0 0 0 0 0 0 0 0 0 0 0 0 0 0 0 0 0 0 0 0 0 0 0 0 0 0 0 0 0 0 0 0 0 0 0 0 0 0 0 0 0 0 0 0 0 0 0 0 0 0 0 0 0 0 0 0 0 0 0 0 0 0 0 0 0 0 0 0 0 0 0 0 0 0 0 0 0 0 0 0 0 0 0 0 0 0 0 0 0 0 0
0 0 0 0 0 0 0 0 0 0 0 0 0 0 0 3.9524 3.9524 3.9524 3.9524 3.9524 3.9524 3.9524 3.9524 3.9524 3.9524 3.9524 3.9524 3.9524 3.9524 3.9524 3.9524 3.9524 3.9524 3.9524 3.9524 3.9524 3.9524 3.9524 3.9524 3.9524 3.9524 3.9524 3.9524 3.9524 3.9524 0 0 0 0 0 0 0 0 0 0 0 0 0 0 0 0 0 0 0 0 0 0 0 0 0 0 0 0 0 0 0 0 0 0 0 0 0 0 0 0 0 0 0 0 0 0 0 0 0 0 0 0 0 0 0 0 0 0 0 0 0 0 0 0 0 0 0 0 0 0 0 0 0 0 0 0 0 0 0 0 0 0 0 0 0 0 0 0 0 0 0 0 0 0 0 0 0 0 0 0 0 0 0 0 0 0 0 0 0 0 0 0 0 0 0 0 0 0 0 0 0 0 0 0 0 0 0 0 0 0 0 0 0 0 0 0 0 0 0 0 0 0 0 0 0 0 0 0 0 0 0 0 0 0 0
0 0 0 0 0 0 0 0 0 0 0 0 0 0 0 3.9524 3.9524 3.9524 3.9524 3.9524 3.9524 3.9524 3.9524 3.9524 3.9524 3.9524 3.9524 3.9524 3.9524 3.9524 3.9524 3.9524 3.9524 3.9524 3.9524 3.9524 3.9524 3.9524 3.9524 3.9524 3.9524 3.9524 3.9524 3.9524 3.9524 0 0 0 0 0 0 0 0 0 0 0 0 0 0 0 0 0 0 0 0 0 0 0 0 0 0 0 0 0 0 0 0 0 0 0 0 0 0 0 0 0 0 0 0 0 0 0 0 0 0 0 0 0 0 0 0 0 0 0 0 0 0 0 0 0 0 0 0 0 0 0 0 0 0 0 0 0 0 0 0 0 0 0 0 0 0 0 0 0 0 0 0 0 0 0 0 0 0 0 0 0 0 0 0 0 0 0 0 0 0 0 0 0 0 0 0 0 0 0 0 0 0 0 0 0 0 0 0 0 0 0 0 0 0 0 0 0 0 0 0 0 0 0 0 0 0 0 0 0 0 0 0 0 0 0
0 0 0 0 0 0 0 0 0 0 0 0 0 0 0 3.9524 3.9524 3.9524 3.9524 3.9524 3.9524 3.9524 3.9524 3.9524 3.9524 3.9524 3.9524 3.9524 3.9524 3.9524 3.9524 3.9524 3.9524 3.9524 3.9524 3.9524 3.9524 3.9524 3.9524 3.9524 3.9524 3.9524 3.9524 3.9524 3.9524 0 0 0 0 0 0 0 0 0 0 0 0 0 0 0 0 0 0 0 0 0 0 0 0 0 0 0 0 0 0 0 0 0 0 0 0 0 0 0 0 0 0 0 0 0 0 0 0 0 0 0 0 0 0 0 0 0 0 0 0 0 0 0 0 0 0 0 0 0 0 0 0 0 0 0 0 0 0 0 0 0 0 0 0 0 0 0 0 0 0 0 0 0 0 0 0 0 0 0 0 0 0 0 0 0 0 0 0 0 0 0 0 0 0 0 0 0 0 0 0 0 0 0 0 0 0 0 0 0 0 0 0 0 0 0 0 0 0 0 0 0 0 0 0 0 0 0 0 0 0 0 0 0 0 0
0 0 0 0 0 0 0 0 0 0 0 0 0 0 0 3.9524 3.9524 3.9524 3.9524 3.9524 3.9524 3.9524 3.9524 3.9524 3.9524 3.9524 3.9524 3.9524 3.9524 3.9524 3.9524 3.9524 3.9524 3.9524 3.9524 3.9524 3.9524 3.9524 3.9524 3.9524 3.9524 3.9524 3.9524 3.9524 3.9524 0 0 0 0 0 0 0 0 0 0 0 0 0 0 0 0 0 0 0 0 0 0 0 0 0 0 0 0 0 0 0 0 0 0 0 0 0 0 0 0 0 0 0 0 0 0 0 0 0 0 0 0 0 0 0 0 0 0 0 0 0 0 0 0 0 0 0 0 0 0 0 0 0 0 0 0 0 0 0 0 0 0 0 0 0 0 0 0 0 0 0 0 0 0 0 0 0 0 0 0 0 0 0 0 0 0 0 0 0 0 0 0 0 0 0 0 0 0 0 0 0 0 0 0 0 0 0 0 0 0 0 0 0 0 0 0 0 0 0 0 0 0 0 0 0 0 0 0 0 0 0 0 0 0 0
0 0 0 0 0 0 0 0 0 0 0 0 0 0 0 3.9524 3.9524 3.9524 3.9524 3.9524 3.9524 3.9524 3.9524 3.9524 3.9524 3.9524 3.9524 3.9524 3.9524 3.9524 3.9524 3.9524 3.9524 3.9524 3.9524 3.9524 3.9524 3.9524 3.9524 3.9524 3.9524 3.9524 3.9524 3.9524 3.9524 0 0 0 0 0 0 0 0 0 0 0 0 0 0 0 0 0 0 0 0 0 0 0 0 0 0 0 0 0 0 0 0 0 0 0 0 0 0 0 0 0 0 0 0 0 0 0 0 0 0 0 0 0 0 0 0 0 0 0 0 0 0 0 0 0 0 0 0 0 0 0 0 0 0 0 0 0 0 0 0 0 0 0 0 0 0 0 0 0 0 0 0 0 0 0 0 0 0 0 0 0 0 0 0 0 0 0 0 0 0 0 0 0 0 0 0 0 0 0 0 0 0 0 0 0 0 0 0 0 0 0 0 0 0 0 0 0 0 0 0 0 0 0 0 0 0 0 0 0 0 0 0 0 0 0
0 0 0 0 0 0 0 0 0 0 0 0 0 0 0 3.9524 3.9524 3.9524 3.9524 3.9524 3.9524 3.9524 3.9524 3.9524 3.9524 3.9524 3.9524 3.9524 3.9524 3.9524 3.9524 3.9524 3.9524 3.9524 3.9524 3.9524 3.9524 3.9524 3.9524 3.9524 3.9524 3.9524 3.9524 3.9524 3.9524 0 0 0 0 0 0 0 0 0 0 0 0 0 0 0 0 0 0 0 0 0 0 0 0 0 0 0 0 0 0 0 0 0 0 0 0 0 0 0 0 0 0 0 0 0 0 0 0 0 0 0 0 0 0 0 0 0 0 0 0 0 0 0 0 0 0 0 0 0 0 0 0 0 0 0 0 0 0 0 0 0 0 0 0 0 0 0 0 0 0 0 0 0 0 0 0 0 0 0 0 0 0 0 0 0 0 0 0 0 0 0 0 0 0 0 0 0 0 0 0 0 0 0 0 0 0 0 0 0 0 0 0 0 0 0 0 0 0 0 0 0 0 0 0 0 0 0 0 0 0 0 0 0 0 0
0 0 0 0 0 0 0 0 0 0 0 0 0 0 0 3.9524 3.9524 3.9524 3.9524 3.9524 3.9524 3.9524 3.9524 3.9524 3.9524 3.9524 3.9524 3.9524 3.9524 3.9524 3.9524 3.9524 3.9524 3.9524 3.9524 3.9524 3.9524 3.9524 3.9524 3.9524 3.9524 3.9524 3.9524 3.9524 3.9524 0 0 0 0 0 0 0 0 0 0 0 0 0 0 0 0 0 0 0 0 0 0 0 0 0 0 0 0 0 0 0 0 0 0 0 0 0 0 0 0 0 0 0 0 0 0 0 0 0 0 0 0 0 0 0 0 0 0 0 0 0 0 0 0 0 0 0 0 0 0 0 0 0 0 0 0 0 0 0 0 0 0 0 0 0 0 0 0 0 0 0 0 0 0 0 0 0 0 0 0 0 0 0 0 0 0 0 0 0 0 0 0 0 0 0 0 0 0 0 0 0 0 0 0 0 0 0 0 0 0 0 0 0 0 0 0 0 0 0 0 0 0 0 0 0 0 0 0 0 0 0 0 0 0 0
0 0 0 0 0 0 0 0 0 0 0 0 0 0 0 3.9524 3.9524 3.9524 3.9524 3.9524 3.9524 3.9524 3.9524 3.9524 3.9524 3.9524 3.9524 3.9524 3.9524 3.9524 3.9524 3.9524 3.9524 3.9524 3.9524 3.9524 3.9524 3.9524 3.9524 3.9524 3.9524 3.9524 3.9524 3.9524 3.9524 0 0 0 0 0 0 0 0 0 0 0 0 0 0 0 0 0 0 0 0 0 0 0 0 0 0 0 0 0 0 0 0 0 0 0 0 0 0 0 0 0 0 0 0 0 0 0 0 0 0 0 0 0 0 0 0 0 0 0 0 0 0 0 0 0 0 0 0 0 0 0 0 0 0 0 0 0 0 0 0 0 0 0 0 0 0 0 0 0 0 0 0 0 0 0 0 0 0 0 0 0 0 0 0 0 0 0 0 0 0 0 0 0 0 0 0 0 0 0 0 0 0 0 0 0 0 0 0 0 0 0 0 0 0 0 0 0 0 0 0 0 0 0 0 0 0 0 0 0 0 0 0 0 0 0
0 0 0 0 0 0 0 0 0 0 0 0 0 0 0 3.9524 3.9524 3.9524 3.9524 3.9524 3.9524 3.9524 3.9524 3.9524 3.9524 3.9524 3.9524 3.9524 3.9524 3.9524 3.9524 3.9524 3.9524 3.9524 3.9524 3.9524 3.9524 3.9524 3.9524 3.9524 3.9524 3.9524 3.9524 3.9524 3.9524 0 0 0 0 0 0 0 0 0 0 0 0 0 0 0 0 0 0 0 0 0 0 0 0 0 0 0 0 0 0 0 0 0 0 0 0 0 0 0 0 0 0 0 0 0 0 0 0 0 0 0 0 0 0 0 0 0 0 0 0 0 0 0 0 0 0 0 0 0 0 0 0 0 0 0 0 0 0 0 0 0 0 0 0 0 0 0 0 0 0 0 0 0 0 0 0 0 0 0 0 0 0 0 0 0 0 0 0 0 0 0 0 0 0 0 0 0 0 0 0 0 0 0 0 0 0 0 0 0 0 0 0 0 0 0 0 0 0 0 0 0 0 0 0 0 0 0 0 0 0 0 0 0 0 0
0 0 0 0 0 0 0 0 0 0 0 0 0 0 0 3.9524 3.9524 3.9524 3.9524 3.9524 3.9524 3.9524 3.9524 3.9524 3.9524 3.9524 3.9524 3.9524 3.9524 3.9524 3.9524 3.9524 3.9524 3.9524 3.9524 3.9524 3.9524 3.9524 3.9524 3.9524 3.9524 3.9524 3.9524 3.9524 3.9524 0 0 0 0 0 0 0 0 0 0 0 0 0 0 0 0 0 0 0 0 0 0 0 0 0 0 0 0 0 0 0 0 0 0 0 0 0 0 0 0 0 0 0 0 0 0 0 0 0 0 0 0 0 0 0 0 0 0 0 0 0 0 0 0 0 0 0 0 0 0 0 0 0 0 0 0 0 0 0 0 0 0 0 0 0 0 0 0 0 0 0 0 0 0 0 0 0 0 0 0 0 0 0 0 0 0 0 0 0 0 0 0 0 0 0 0 0 0 0 0 0 0 0 0 0 0 0 0 0 0 0 0 0 0 0 0 0 0 0 0 0 0 0 0 0 0 0 0 0 0 0 0 0 0 0
0 0 0 0 0 0 0 0 0 0 0 0 0 0 0 3.9524 3.9524 3.9524 3.9524 3.9524 3.9524 3.9524 3.9524 3.9524 3.9524 3.9524 3.9524 3.9524 3.9524 3.9524 3.9524 3.9524 3.9524 3.9524 3.9524 3.9524 3.9524 3.9524 3.9524 3.9524 3.9524 3.9524 3.9524 3.9524 3.9524 0 0 0 0 0 0 0 0 0 0 0 0 0 0 0 0 0 0 0 0 0 0 0 0 0 0 0 0 0 0 0 0 0 0 0 0 0 0 0 0 0 0 0 0 0 0 0 0 0 0 0 0 0 0 0 0 0 0 0 0 0 0 0 0 0 0 0 0 0 0 0 0 0 0 0 0 0 0 0 0 0 0 0 0 0 0 0 0 0 0 0 0 0 0 0 0 0 0 0 0 0 0 0 0 0 0 0 0 0 0 0 0 0 0 0 0 0 0 0 0 0 0 0 0 0 0 0 0 0 0 0 0 0 0 0 0 0 0 0 0 0 0 0 0 0 0 0 0 0 0 0 0 0 0 0
0 0 0 0 0 0 0 0 0 0 0 0 0 0 0 3.9524 3.9524 3.9524 3.9524 3.9524 3.9524 3.9524 3.9524 3.9524 3.9524 3.9524 3.9524 3.9524 3.9524 3.9524 3.9524 3.9524 3.9524 3.9524 3.9524 3.9524 3.9524 3.9524 3.9524 3.9524 3.9524 3.9524 3.9524 3.9524 3.9524 0 0 0 0 0 0 0 0 0 0 0 0 0 0 0 0 0 0 0 0 0 0 0 0 0 0 0 0 0 0 0 0 0 0 0 0 0 0 0 0 0 0 0 0 0 0 0 0 0 0 0 0 0 0 0 0 0 0 0 0 0 0 0 0 0 0 0 0 0 0 0 0 0 0 0 0 0 0 0 0 0 0 0 0 0 0 0 0 0 0 0 0 0 0 0 0 0 0 0 0 0 0 0 0 0 0 0 0 0 0 0 0 0 0 0 0 0 0 0 0 0 0 0 0 0 0 0 0 0 0 0 0 0 0 0 0 0 0 0 0 0 0 0 0 0 0 0 0 0 0 0 0 0 0 0
0 0 0 0 0 0 0 0 0 0 0 0 0 0 0 3.9524 3.9524 3.9524 3.9524 3.9524 3.9524 3.9524 3.9524 3.9524 3.9524 3.9524 3.9524 3.9524 3.9524 3.9524 3.9524 3.9524 3.9524 3.9524 3.9524 3.9524 3.9524 3.9524 3.9524 3.9524 3.9524 3.9524 3.9524 3.9524 3.9524 0 0 0 0 0 0 0 0 0 0 0 0 0 0 0 0 0 0 0 0 0 0 0 0 0 0 0 0 0 0 0 0 0 0 0 0 0 0 0 0 0 0 0 0 0 0 0 0 0 0 0 0 0 0 0 0 0 0 0 0 0 0 0 0 0 0 0 0 0 0 0 0 0 0 0 0 0 0 0 0 0 0 0 0 0 0 0 0 0 0 0 0 0 0 0 0 0 0 0 0 0 0 0 0 0 0 0 0 0 0 0 0 0 0 0 0 0 0 0 0 0 0 0 0 0 0 0 0 0 0 0 0 0 0 0 0 0 0 0 0 0 0 0 0 0 0 0 0 0 0 0 0 0 0 0
0 0 0 0 0 0 0 0 0 0 0 0 0 0 0 3.9524 3.9524 3.9524 3.9524 3.9524 3.9524 3.9524 3.9524 3.9524 3.9524 3.9524 3.9524 3.9524 3.9524 3.9524 3.9524 3.9524 3.9524 3.9524 3.9524 3.9524 3.9524 3.9524 3.9524 3.9524 3.9524 3.9524 3.9524 3.9524 3.9524 0 0 0 0 0 0 0 0 0 0 0 0 0 0 0 0 0 0 0 0 0 0 0 0 0 0 0 0 0 0 0 0 0 0 0 0 0 0 0 0 0 0 0 0 0 0 0 0 0 0 0 0 0 0 0 0 0 0 0 0 0 0 0 0 0 0 0 0 0 0 0 0 0 0 0 0 0 0 0 0 0 0 0 0 0 0 0 0 0 0 0 0 0 0 0 0 0 0 0 0 0 0 0 0 0 0 0 0 0 0 0 0 0 0 0 0 0 0 0 0 0 0 0 0 0 0 0 0 0 0 0 0 0 0 0 0 0 0 0 0 0 0 0 0 0 0 0 0 0 0 0 0 0 0 0
0 0 0 0 0 0 0 0 0 0 0 0 0 0 0 3.9524 3.9524 3.9524 3.9524 3.9524 3.9524 3.9524 3.9524 3.9524 3.9524 3.9524 3.9524 3.9524 3.9524 3.9524 3.9524 3.9524 3.9524 3.9524 3.9524 3.9524 3.9524 3.9524 3.9524 3.9524 3.9524 3.9524 3.9524 3.9524 3.9524 0 0 0 0 0 0 0 0 0 0 0 0 0 0 0 0 0 0 0 0 0 0 0 0 0 0 0 0 0 0 0 0 0 0 0 0 0 0 0 0 0 0 0 0 0 0 0 0 0 0 0 0 0 0 0 0 0 0 0 0 0 0 0 0 0 0 0 0 0 0 0 0 0 0 0 0 0 0 0 0 0 0 0 0 0 0 0 0 0 0 0 0 0 0 0 0 0 0 0 0 0 0 0 0 0 0 0 0 0 0 0 0 0 0 0 0 0 0 0 0 0 0 0 0 0 0 0 0 0 0 0 0 0 0 0 0 0 0 0 0 0 0 0 0 0 0 0 0 0 0 0 0 0 0 0
0 0 0 0 0 0 0 0 0 0 0 0 0 0 0 3.9524 3.9524 3.9524 3.9524 3.9524 3.9524 3.9524 3.9524 3.9524 3.9524 3.9524 3.9524 3.9524 3.9524 3.9524 3.9524 3.9524 3.9524 3.9524 3.9524 3.9524 3.9524 3.9524 3.9524 3.9524 3.9524 3.9524 3.9524 3.9524 3.9524 0 0 0 0 0 0 0 0 0 0 0 0 0 0 0 0 0 0 0 0 0 0 0 0 0 0 0 0 0 0 0 0 0 0 0 0 0 0 0 0 0 0 0 0 0 0 0 0 0 0 0 0 0 0 0 0 0 0 0 0 0 0 0 0 0 0 0 0 0 0 0 0 0 0 0 0 0 0 0 0 0 0 0 0 0 0 0 0 0 0 0 0 0 0 0 0 0 0 0 0 0 0 0 0 0 0 0 0 0 0 0 0 0 0 0 0 0 0 0 0 0 0 0 0 0 0 0 0 0 0 0 0 0 0 0 0 0 0 0 0 0 0 0 0 0 0 0 0 0 0 0 0 0 0 0
0 0 0 0 0 0 0 0 0 0 0 0 0 0 0 3.9524 3.9524 3.9524 3.9524 3.9524 3.9524 3.9524 3.9524 3.9524 3.9524 3.9524 3.9524 3.9524 3.9524 3.9524 3.9524 3.9524 3.9524 3.9524 3.9524 3.9524 3.9524 3.9524 3.9524 3.9524 3.9524 3.9524 3.9524 3.9524 3.9524 0 0 0 0 0 0 0 0 0 0 0 0 0 0 0 0 0 0 0 0 0 0 0 0 0 0 0 0 0 0 0 0 0 0 0 0 0 0 0 0 0 0 0 0 0 0 0 0 0 0 0 0 0 0 0 0 0 0 0 0 0 0 0 0 0 0 0 0 0 0 0 0 0 0 0 0 0 0 0 0 0 0 0 0 0 0 0 0 0 0 0 0 0 0 0 0 0 0 0 0 0 0 0 0 0 0 0 0 0 0 0 0 0 0 0 0 0 0 0 0 0 0 0 0 0 0 0 0 0 0 0 0 0 0 0 0 0 0 0 0 0 0 0 0 0 0 0 0 0 0 0 0 0 0 0
0 0 0 0 0 0 0 0 0 0 0 0 0 0 0 3.9524 3.9524 3.9524 3.9524 3.9524 3.9524 3.9524 3.9524 3.9524 3.9524 3.9524 3.9524 3.9524 3.9524 3.9524 3.9524 3.9524 3.9524 3.9524 3.9524 3.9524 3.9524 3.9524 3.9524 3.9524 3.9524 3.9524 3.9524 3.9524 3.9524 0 0 0 0 0 0 0 0 0 0 0 0 0 0 0 0 0 0 0 0 0 0 0 0 0 0 0 0 0 0 0 0 0 0 0 0 0 0 0 0 0 0 0 0 0 0 0 0 0 0 0 0 0 0 0 0 0 0 0 0 0 0 0 0 0 0 0 0 0 0 0 0 0 0 0 0 0 0 0 0 0 0 0 0 0 0 0 0 0 0 0 0 0 0 0 0 0 0 0 0 0 0 0 0 0 0 0 0 0 0 0 0 0 0 0 0 0 0 0 0 0 0 0 0 0 0 0 0 0 0 0 0 0 0 0 0 0 0 0 0 0 0 0 0 0 0 0 0 0 0 0 0 0 0 0
0 0 0 0 0 0 0 0 0 0 0 0 0 0 0 3.9524 3.9524 3.9524 3.9524 3.9524 3.9524 3.9524 3.9524 3.9524 3.9524 3.9524 3.9524 3.9524 3.9524 3.9524 3.9524 3.9524 3.9524 3.9524 3.9524 3.9524 3.9524 3.9524 3.9524 3.9524 3.9524 3.9524 3.9524 3.9524 3.9524 0 0 0 0 0 0 0 0 0 0 0 0 0 0 0 0 0 0 0 0 0 0 0 0 0 0 0 0 0 0 0 0 0 0 0 0 0 0 0 0 0 0 0 0 0 0 0 0 0 0 0 0 0 0 0 0 0 0 0 0 0 0 0 0 0 0 0 0 0 0 0 0 0 0 0 0 0 0 0 0 0 0 0 0 0 0 0 0 0 0 0 0 0 0 0 0 0 0 0 0 0 0 0 0 0 0 0 0 0 0 0 0 0 0 0 0 0 0 0 0 0 0 0 0 0 0 0 0 0 0 0 0 0 0 0 0 0 0 0 0 0 0 0 0 0 0 0 0 0 0 0 0 0 0 0
0 0 0 0 0 0 0 0 0 0 0 0 0 0 0 3.9524 3.9524 3.9524 3.9524 3.9524 3.9524 3.9524 3.9524 3.9524 3.9524 3.9524 3.9524 3.9524 3.9524 3.9524 3.9524 3.9524 3.9524 3.9524 3.9524 3.9524 3.9524 3.9524 3.9524 3.9524 3.9524 3.9524 3.9524 3.9524 3.9524 0 0 0 0 0 0 0 0 0 0 0 0 0 0 0 0 0 0 0 0 0 0 0 0 0 0 0 0 0 0 0 0 0 0 0 0 0 0 0 0 0 0 0 0 0 0 0 0 0 0 0 0 0 0 0 0 0 0 0 0 0 0 0 0 0 0 0 0 0 0 0 0 0 0 0 0 0 0 0 0 0 0 0 0 0 0 0 0 0 0 0 0 0 0 0 0 0 0 0 0 0 0 0 0 0 0 0 0 0 0 0 0 0 0 0 0 0 0 0 0 0 0 0 0 0 0 0 0 0 0 0 0 0 0 0 0 0 0 0 0 0 0 0 0 0 0 0 0 0 0 0 0 0 0 0
0 0 0 0 0 0 0 0 0 0 0 0 0 0 0 3.9524 3.9524 3.9524 3.9524 3.9524 3.9524 3.9524 3.9524 3.9524 3.9524 3.9524 3.9524 3.9524 3.9524 3.9524 3.9524 3.9524 3.9524 3.9524 3.9524 3.9524 3.9524 3.9524 3.9524 3.9524 3.9524 3.9524 3.9524 3.9524 3.9524 0 0 0 0 0 0 0 0 0 0 0 0 0 0 0 0 0 0 0 0 0 0 0 0 0 0 0 0 0 0 0 0 0 0 0 0 0 0 0 0 0 0 0 0 0 0 0 0 0 0 0 0 0 0 0 0 0 0 0 0 0 0 0 0 0 0 0 0 0 0 0 0 0 0 0 0 0 0 0 0 0 0 0 0 0 0 0 0 0 0 0 0 0 0 0 0 0 0 0 0 0 0 0 0 0 0 0 0 0 0 0 0 0 0 0 0 0 0 0 0 0 0 0 0 0 0 0 0 0 0 0 0 0 0 0 0 0 0 0 0 0 0 0 0 0 0 0 0 0 0 0 0 0 0 0
0 0 0 0 0 0 0 0 0 0 0 0 0 0 0 3.9524 3.9524 3.9524 3.9524 3.9524 3.9524 3.9524 3.9524 3.9524 3.9524 3.9524 3.9524 3.9524 3.9524 3.9524 3.9524 3.9524 3.9524 3.9524 3.9524 3.9524 3.9524 3.9524 3.9524 3.9524 3.9524 3.9524 3.9524 3.9524 3.9524 0 0 0 0 0 0 0 0 0 0 0 0 0 0 0 0 0 0 0 0 0 0 0 0 0 0 0 0 0 0 0 0 0 0 0 0 0 0 0 0 0 0 0 0 0 0 0 0 0 0 0 0 0 0 0 0 0 0 0 0 0 0 0 0 0 0 0 0 0 0 0 0 0 0 0 0 0 0 0 0 0 0 0 0 0 0 0 0 0 0 0 0 0 0 0 0 0 0 0 0 0 0 0 0 0 0 0 0 0 0 0 0 0 0 0 0 0 0 0 0 0 0 0 0 0 0 0 0 0 0 0 0 0 0 0 0 0 0 0 0 0 0 0 0 0 0 0 0 0 0 0 0 0 0 0
0 0 0 0 0 0 0 0 0 0 0 0 0 0 0 3.9524 3.9524 3.9524 3.9524 3.9524 3.9524 3.9524 3.9524 3.9524 3.9524 3.9524 3.9524 3.9524 3.9524 3.9524 3.9524 3.9524 3.9524 3.9524 3.9524 3.9524 3.9524 3.9524 3.9524 3.9524 3.9524 3.9524 3.9524 3.9524 3.9524 0 0 0 0 0 0 0 0 0 0 0 0 0 0 0 0 0 0 0 0 0 0 0 0 0 0 0 0 0 0 0 0 0 0 0 0 0 0 0 0 0 0 0 0 0 0 0 0 0 0 0 0 0 0 0 0 0 0 0 0 0 0 0 0 0 0 0 0 0 0 0 0 0 0 0 0 0 0 0 0 0 0 0 0 0 0 0 0 0 0 0 0 0 0 0 0 0 0 0 0 0 0 0 0 0 0 0 0 0 0 0 0 0 0 0 0 0 0 0 0 0 0 0 0 0 0 0 0 0 0 0 0 0 0 0 0 0 0 0 0 0 0 0 0 0 0 0 0 0 0 0 0 0 0 0
0 0 0 0 0 0 0 0 0 0 0 0 0 0 0 3.9524 3.9524 3.9524 3.9524 3.9524 3.9524 3.9524 3.9524 3.9524 3.9524 3.9524 3.9524 3.9524 3.9524 3.9524 3.9524 3.9524 3.9524 3.9524 3.9524 3.9524 3.9524 3.9524 3.9524 3.9524 3.9524 3.9524 3.9524 3.9524 3.9524 0 0 0 0 0 0 0 0 0 0 0 0 0 0 0 0 0 0 0 0 0 0 0 0 0 0 0 0 0 0 0 0 0 0 0 0 0 0 0 0 0 0 0 0 0 0 0 0 0 0 0 0 0 0 0 0 0 0 0 0 0 0 0 0 0 0 0 0 0 0 0 0 0 0 0 0 0 0 0 0 0 0 0 0 0 0 0 0 0 0 0 0 0 0 0 0 0 0 0 0 0 0 0 0 0 0 0 0 0 0 0 0 0 0 0 0 0 0 0 0 0 0 0 0 0 0 0 0 0 0 0 0 0 0 0 0 0 0 0 0 0 0 0 0 0 0 0 0 0 0 0 0 0 0 0
0 0 0 0 0 0 0 0 0 0 0 0 0 0 0 3.9524 3.9524 3.9524 3.9524 3.9524 3.9524 3.9524 3.9524 3.9524 3.9524 3.9524 3.9524 3.9524 3.9524 3.9524 3.9524 3.9524 3.9524 3.9524 3.9524 3.9524 3.9524 3.9524 3.9524 3.9524 3.9524 3.9524 3.9524 3.9524 3.9524 0 0 0 0 0 0 0 0 0 0 0 0 0 0 0 0 0 0 0 0 0 0 0 0 0 0 0 0 0 0 0 0 0 0 0 0 0 0 0 0 0 0 0 0 0 0 0 0 0 0 0 0 0 0 0 0 0 0 0 0 0 0 0 0 0 0 0 0 0 0 0 0 0 0 0 0 0 0 0 0 0 0 0 0 0 0 0 0 0 0 0 0 0 0 0 0 0 0 0 0 0 0 0 0 0 0 0 0 0 0 0 0 0 0 0 0 0 0 0 0 0 0 0 0 0 0 0 0 0 0 0 0 0 0 0 0 0 0 0 0 0 0 0 0 0 0 0 0 0 0 0 0 0 0 0
0 0 0 0 0 0 0 0 0 0 0 0 0 0 0 3.9524 3.9524 3.9524 3.9524 3.9524 3.9524 3.9524 3.9524 3.9524 3.9524 3.9524 3.9524 3.9524 3.9524 3.9524 3.9524 3.9524 3.9524 3.9524 3.9524 3.9524 3.9524 3.9524 3.9524 3.9524 3.9524 3.9524 3.9524 3.9524 3.9524 0 0 0 0 0 0 0 0 0 0 0 0 0 0 0 0 0 0 0 0 0 0 0 0 0 0 0 0 0 0 0 0 0 0 0 0 0 0 0 0 0 0 0 0 0 0 0 0 0 0 0 0 0 0 0 0 0 0 0 0 0 0 0 0 0 0 0 0 0 0 0 0 0 0 0 0 0 0 0 0 0 0 0 0 0 0 0 0 0 0 0 0 0 0 0 0 0 0 0 0 0 0 0 0 0 0 0 0 0 0 0 0 0 0 0 0 0 0 0 0 0 0 0 0 0 0 0 0 0 0 0 0 0 0 0 0 0 0 0 0 0 0 0 0 0 0 0 0 0 0 0 0 0 0 0
0 0 0 0 0 0 0 0 0 0 0 0 0 0 0 3.9524 3.9524 3.9524 3.9524 3.9524 3.9524 3.9524 3.9524 3.9524 3.9524 3.9524 3.9524 3.9524 3.9524 3.9524 3.9524 3.9524 3.9524 3.9524 3.9524 3.9524 3.9524 3.9524 3.9524 3.9524 3.9524 3.9524 3.9524 3.9524 3.9524 0 0 0 0 0 0 0 0 0 0 0 0 0 0 0 0 0 0 0 0 0 0 0 0 0 0 0 0 0 0 0 0 0 0 0 0 0 0 0 0 0 0 0 0 0 0 0 0 0 0 0 0 0 0 0 0 0 0 0 0 0 0 0 0 0 0 0 0 0 0 0 0 0 0 0 0 0 0 0 0 0 0 0 0 0 0 0 0 0 0 0 0 0 0 0 0 0 0 0 0 0 0 0 0 0 0 0 0 0 0 0 0 0 0 0 0 0 0 0 0 0 0 0 0 0 0 0 0 0 0 0 0 0 0 0 0 0 0 0 0 0 0 0 0 0 0 0 0 0 0 0 0 0 0 0
0 0 0 0 0 0 0 0 0 0 0 0 0 0 0 3.9524 3.9524 3.9524 3.9524 3.9524 3.9524 3.9524 3.9524 3.9524 3.9524 3.9524 3.9524 3.9524 3.9524 3.9524 3.9524 3.9524 3.9524 3.9524 3.9524 3.9524 3.9524 3.9524 3.9524 3.9524 3.9524 3.9524 3.9524 3.9524 3.9524 0 0 0 0 0 0 0 0 0 0 0 0 0 0 0 0 0 0 0 0 0 0 0 0 0 0 0 0 0 0 0 0 0 0 0 0 0 0 0 0 0 0 0 0 0 0 0 0 0 0 0 0 0 0 0 0 0 0 0 0 0 0 0 0 0 0 0 0 0 0 0 0 0 0 0 0 0 0 0 0 0 0 0 0 0 0 0 0 0 0 0 0 0 0 0 0 0 0 0 0 0 0 0 0 0 0 0 0 0 0 0 0 0 0 0 0 0 0 0 0 0 0 0 0 0 0 0 0 0 0 0 0 0 0 0 0 0 0 0 0 0 0 0 0 0 0 0 0 0 0 0 0 0 0 0
0 0 0 0 0 0 0 0 0 0 0 0 0 0 0 3.9524 3.9524 3.9524 3.9524 3.9524 3.9524 3.9524 3.9524 3.9524 3.9524 3.9524 3.9524 3.9524 3.9524 3.9524 3.9524 3.9524 3.9524 3.9524 3.9524 3.9524 3.9524 3.9524 3.9524 3.9524 3.9524 3.9524 3.9524 3.9524 3.9524 0 0 0 0 0 0 0 0 0 0 0 0 0 0 0 0 0 0 0 0 0 0 0 0 0 0 0 0 0 0 0 0 0 0 0 0 0 0 0 0 0 0 0 0 0 0 0 0 0 0 0 0 0 0 0 0 0 0 0 0 0 0 0 0 0 0 0 0 0 0 0 0 0 0 0 0 0 0 0 0 0 0 0 0 0 0 0 0 0 0 0 0 0 0 0 0 0 0 0 0 0 0 0 0 0 0 0 0 0 0 0 0 0 0 0 0 0 0 0 0 0 0 0 0 0 0 0 0 0 0 0 0 0 0 0 0 0 0 0 0 0 0 0 0 0 0 0 0 0 0 0 0 0 0 0
0 0 0 0 0 0 0 0 0 0 0 0 0 0 0 3.9524 3.9524 3.9524 3.9524 3.9524 3.9524 3.9524 3.9524 3.9524 3.9524 3.9524 3.9524 3.9524 3.9524 3.9524 3.9524 3.9524 3.9524 3.9524 3.9524 3.9524 3.9524 3.9524 3.9524 3.9524 3.9524 3.9524 3.9524 3.9524 3.9524 0 0 0 0 0 0 0 0 0 0 0 0 0 0 0 0 0 0 0 0 0 0 0 0 0 0 0 0 0 0 0 0 0 0 0 0 0 0 0 0 0 0 0 0 0 0 0 0 0 0 0 0 0 0 0 0 0 0 0 0 0 0 0 0 0 0 0 0 0 0 0 0 0 0 0 0 0 0 0 0 0 0 0 0 0 0 0 0 0 0 0 0 0 0 0 0 0 0 0 0 0 0 0 0 0 0 0 0 0 0 0 0 0 0 0 0 0 0 0 0 0 0 0 0 0 0 0 0 0 0 0 0 0 0 0 0 0 0 0 0 0 0 0 0 0 0 0 0 0 0 0 0 0 0 0
0 0 0 0 0 0 0 0 0 0 0 0 0 0 0 3.9524 3.9524 3.9524 3.9524 3.9524 3.9524 3.9524 3.9524 3.9524 3.9524 3.9524 3.9524 3.9524 3.9524 3.9524 3.9524 3.9524 3.9524 3.9524 3.9524 3.9524 3.9524 3.9524 3.9524 3.9524 3.9524 3.9524 3.9524 3.9524 3.9524 0 0 0 0 0 0 0 0 0 0 0 0 0 0 0 0 0 0 0 0 0 0 0 0 0 0 0 0 0 0 0 0 0 0 0 0 0 0 0 0 0 0 0 0 0 0 0 0 0 0 0 0 0 0 0 0 0 0 0 0 0 0 0 0 0 0 0 0 0 0 0 0 0 0 0 0 0 0 0 0 0 0 0 0 0 0 0 0 0 0 0 0 0 0 0 0 0 0 0 0 0 0 0 0 0 0 0 0 0 0 0 0 0 0 0 0 0 0 0 0 0 0 0 0 0 0 0 0 0 0 0 0 0 0 0 0 0 0 0 0 0 0 0 0 0 0 0 0 0 0 0 0 0 0 0
0 0 0 0 0 0 0 0 0 0 0 0 0 0 0 3.9524 3.9524 3.9524 3.9524 3.9524 3.9524 3.9524 3.9524 3.9524 3.9524 3.9524 3.9524 3.9524 3.9524 3.9524 3.9524 3.9524 3.9524 3.9524 3.9524 3.9524 3.9524 3.9524 3.9524 3.9524 3.9524 3.9524 3.9524 3.9524 3.9524 0 0 0 0 0 0 0 0 0 0 0 0 0 0 0 0 0 0 0 0 0 0 0 0 0 0 0 0 0 0 0 0 0 0 0 0 0 0 0 0 0 0 0 0 0 0 0 0 0 0 0 0 0 0 0 0 0 0 0 0 0 0 0 0 0 0 0 0 0 0 0 0 0 0 0 0 0 0 0 0 0 0 0 0 0 0 0 0 0 0 0 0 0 0 0 0 0 0 0 0 0 0 0 0 0 0 0 0 0 0 0 0 0 0 0 0 0 0 0 0 0 0 0 0 0 0 0 0 0 0 0 0 0 0 0 0 0 0 0 0 0 0 0 0 0 0 0 0 0 0 0 0 0 0 0
0 0 0 0 0 0 0 0 0 0 0 0 0 0 0 3.9524 3.9524 3.9524 3.9524 3.9524 3.9524 3.9524 3.9524 3.9524 3.9524 3.9524 3.9524 3.9524 3.9524 3.9524 3.9524 3.9524 3.9524 3.9524 3.9524 3.9524 3.9524 3.9524 3.9524 3.9524 3.9524 3.9524 3.9524 3.9524 3.9524 0 0 0 0 0 0 0 0 0 0 0 0 0 0 0 0 0 0 0 0 0 0 0 0 0 0 0 0 0 0 0 0 0 0 0 0 0 0 0 0 0 0 0 0 0 0 0 0 0 0 0 0 0 0 0 0 0 0 0 0 0 0 0 0 0 0 0 0 0 0 0 0 0 0 0 0 0 0 0 0 0 0 0 0 0 0 0 0 0 0 0 0 0 0 0 0 0 0 0 0 0 0 0 0 0 0 0 0 0 0 0 0 0 0 0 0 0 0 0 0 0 0 0 0 0 0 0 0 0 0 0 0 0 0 0 0 0 0 0 0 0 0 0 0 0 0 0 0 0 0 0 0 0 0 0
0 0 0 0 0 0 0 0 0 0 0 0 0 0 0 3.9524 3.9524 3.9524 3.9524 3.9524 3.9524 3.9524 3.9524 3.9524 3.9524 3.9524 3.9524 3.9524 3.9524 3.9524 3.9524 3.9524 3.9524 3.9524 3.9524 3.9524 3.9524 3.9524 3.9524 3.9524 3.9524 3.9524 3.9524 3.9524 3.9524 0 0 0 0 0 0 0 0 0 0 0 0 0 0 0 0 0 0 0 0 0 0 0 0 0 0 0 0 0 0 0 0 0 0 0 0 0 0 0 0 0 0 0 0 0 0 0 0 0 0 0 0 0 0 0 0 0 0 0 0 0 0 0 0 0 0 0 0 0 0 0 0 0 0 0 0 0 0 0 0 0 0 0 0 0 0 0 0 0 0 0 0 0 0 0 0 0 0 0 0 0 0 0 0 0 0 0 0 0 0 0 0 0 0 0 0 0 0 0 0 0 0 0 0 0 0 0 0 0 0 0 0 0 0 0 0 0 0 0 0 0 0 0 0 0 0 0 0 0 0 0 0 0 0 0
0 0 0 0 0 0 0 0 0 0 0 0 0 0 0 3.9524 3.9524 3.9524 3.9524 3.9524 3.9524 3.9524 3.9524 3.9524 3.9524 3.9524 3.9524 3.9524 3.9524 3.9524 3.9524 3.9524 3.9524 3.9524 3.9524 3.9524 3.9524 3.9524 3.9524 3.9524 3.9524 3.9524 3.9524 3.9524 3.9524 0 0 0 0 0 0 0 0 0 0 0 0 0 0 0 0 0 0 0 0 0 0 0 0 0 0 0 0 0 0 0 0 0 0 0 0 0 0 0 0 0 0 0 0 0 0 0 0 0 0 0 0 0 0 0 0 0 0 0 0 0 0 0 0 0 0 0 0 0 0 0 0 0 0 0 0 0 0 0 0 0 0 0 0 0 0 0 0 0 0 0 0 0 0 0 0 0 0 0 0 0 0 0 0 0 0 0 0 0 0 0 0 0 0 0 0 0 0 0 0 0 0 0 0 0 0 0 0 0 0 0 0 0 0 0 0 0 0 0 0 0 0 0 0 0 0 0 0 0 0 0 0 0 0 0
0 0 0 0 0 0 0 0 0 0 0 0 0 0 0 3.9524 3.9524 3.9524 3.9524 3.9524 3.9524 3.9524 3.9524 3.9524 3.9524 3.9524 3.9524 3.9524 3.9524 3.9524 3.9524 3.9524 3.9524 3.9524 3.9524 3.9524 3.9524 3.9524 3.9524 3.9524 3.9524 3.9524 3.9524 3.9524 3.9524 0 0 0 0 0 0 0 0 0 0 0 0 0 0 0 0 0 0 0 0 0 0 0 0 0 0 0 0 0 0 0 0 0 0 0 0 0 0 0 0 0 0 0 0 0 0 0 0 0 0 0 0 0 0 0 0 0 0 0 0 0 0 0 0 0 0 0 0 0 0 0 0 0 0 0 0 0 0 0 0 0 0 0 0 0 0 0 0 0 0 0 0 0 0 0 0 0 0 0 0 0 0 0 0 0 0 0 0 0 0 0 0 0 0 0 0 0 0 0 0 0 0 0 0 0 0 0 0 0 0 0 0 0 0 0 0 0 0 0 0 0 0 0 0 0 0 0 0 0 0 0 0 0 0 0
0 0 0 0 0 0 0 0 0 0 0 0 0 0 0 3.9524 3.9524 3.9524 3.9524 3.9524 3.9524 3.9524 3.9524 3.9524 3.9524 3.9524 3.9524 3.9524 3.9524 3.9524 3.9524 3.9524 3.9524 3.9524 3.9524 3.9524 3.9524 3.9524 3.9524 3.9524 3.9524 3.9524 3.9524 3.9524 3.9524 0 0 0 0 0 0 0 0 0 0 0 0 0 0 0 0 0 0 0 0 0 0 0 0 0 0 0 0 0 0 0 0 0 0 0 0 0 0 0 0 0 0 0 0 0 0 0 0 0 0 0 0 0 0 0 0 0 0 0 0 0 0 0 0 0 0 0 0 0 0 0 0 0 0 0 0 0 0 0 0 0 0 0 0 0 0 0 0 0 0 0 0 0 0 0 0 0 0 0 0 0 0 0 0 0 0 0 0 0 0 0 0 0 0 0 0 0 0 0 0 0 0 0 0 0 0 0 0 0 0 0 0 0 0 0 0 0 0 0 0 0 0 0 0 0 0 0 0 0 0 0 0 0 0 0
0 0 0 0 0 0 0 0 0 0 0 0 0 0 0 3.9524 3.9524 3.9524 3.9524 3.9524 3.9524 3.9524 3.9524 3.9524 3.9524 3.9524 3.9524 3.9524 3.9524 3.9524 3.9524 3.9524 3.9524 3.9524 3.9524 3.9524 3.9524 3.9524 3.9524 3.9524 3.9524 3.9524 3.9524 3.9524 3.9524 0 0 0 0 0 0 0 0 0 0 0 0 0 0 0 0 0 0 0 0 0 0 0 0 0 0 0 0 0 0 0 0 0 0 0 0 0 0 0 0 0 0 0 0 0 0 0 0 0 0 0 0 0 0 0 0 0 0 0 0 0 0 0 0 0 0 0 0 0 0 0 0 0 0 0 0 0 0 0 0 0 0 0 0 0 0 0 0 0 0 0 0 0 0 0 0 0 0 0 0 0 0 0 0 0 0 0 0 0 0 0 0 0 0 0 0 0 0 0 0 0 0 0 0 0 0 0 0 0 0 0 0 0 0 0 0 0 0 0 0 0 0 0 0 0 0 0 0 0 0 0 0 0 0 0
0 0 0 0 0 0 0 0 0 0 0 0 0 0 0 3.9524 3.9524 3.9524 3.9524 3.9524 3.9524 3.9524 3.9524 3.9524 3.9524 3.9524 3.9524 3.9524 3.9524 3.9524 3.9524 3.9524 3.9524 3.9524 3.9524 3.9524 3.9524 3.9524 3.9524 3.9524 3.9524 3.9524 3.9524 3.9524 3.9524 0 0 0 0 0 0 0 0 0 0 0 0 0 0 0 0 0 0 0 0 0 0 0 0 0 0 0 0 0 0 0 0 0 0 0 0 0 0 0 0 0 0 0 0 0 0 0 0 0 0 0 0 0 0 0 0 0 0 0 0 0 0 0 0 0 0 0 0 0 0 0 0 0 0 0 0 0 0 0 0 0 0 0 0 0 0 0 0 0 0 0 0 0 0 0 0 0 0 0 0 0 0 0 0 0 0 0 0 0 0 0 0 0 0 0 0 0 0 0 0 0 0 0 0 0 0 0 0 0 0 0 0 0 0 0 0 0 0 0 0 0 0 0 0 0 0 0 0 0 0 0 0 0 0 0
0 0 0 0 0 0 0 0 0 0 0 0 0 0 0 3.9524 3.9524 3.9524 3.9524 3.9524 3.9524 3.9524 3.9524 3.9524 3.9524 3.9524 3.9524 3.9524 3.9524 3.9524 3.9524 3.9524 3.9524 3.9524 3.9524 3.9524 3.9524 3.9524 3.9524 3.9524 3.9524 3.9524 3.9524 3.9524 3.9524 0 0 0 0 0 0 0 0 0 0 0 0 0 0 0 0 0 0 0 0 0 0 0 0 0 0 0 0 0 0 0 0 0 0 0 0 0 0 0 0 0 0 0 0 0 0 0 0 0 0 0 0 0 0 0 0 0 0 0 0 0 0 0 0 0 0 0 0 0 0 0 0 0 0 0 0 0 0 0 0 0 0 0 0 0 0 0 0 0 0 0 0 0 0 0 0 0 0 0 0 0 0 0 0 0 0 0 0 0 0 0 0 0 0 0 0 0 0 0 0 0 0 0 0 0 0 0 0 0 0 0 0 0 0 0 0 0 0 0 0 0 0 0 0 0 0 0 0 0 0 0 0 0 0 0
0 0 0 0 0 0 0 0 0 0 0 0 0 0 0 3.9524 3.9524 3.9524 3.9524 3.9524 3.9524 3.9524 3.9524 3.9524 3.9524 3.9524 3.9524 3.9524 3.9524 3.9524 3.9524 3.9524 3.9524 3.9524 3.9524 3.9524 3.9524 3.9524 3.9524 3.9524 3.9524 3.9524 3.9524 3.9524 3.9524 0 0 0 0 0 0 0 0 0 0 0 0 0 0 0 0 0 0 0 0 0 0 0 0 0 0 0 0 0 0 0 0 0 0 0 0 0 0 0 0 0 0 0 0 0 0 0 0 0 0 0 0 0 0 0 0 0 0 0 0 0 0 0 0 0 0 0 0 0 0 0 0 0 0 0 0 0 0 0 0 0 0 0 0 0 0 0 0 0 0 0 0 0 0 0 0 0 0 0 0 0 0 0 0 0 0 0 0 0 0 0 0 0 0 0 0 0 0 0 0 0 0 0 0 0 0 0 0 0 0 0 0 0 0 0 0 0 0 0 0 0 0 0 0 0 0 0 0 0 0 0 0 0 0 0
0 0 0 0 0 0 0 0 0 0 0 0 0 0 0 3.9524 3.9524 3.9524 3.9524 3.9524 3.9524 3.9524 3.9524 3.9524 3.9524 3.9524 3.9524 3.9524 3.9524 3.9524 3.9524 3.9524 3.9524 3.9524 3.9524 3.9524 3.9524 3.9524 3.9524 3.9524 3.9524 3.9524 3.9524 3.9524 3.9524 0 0 0 0 0 0 0 0 0 0 0 0 0 0 0 0 0 0 0 0 0 0 0 0 0 0 0 0 0 0 0 0 0 0 0 0 0 0 0 0 0 0 0 0 0 0 0 0 0 0 0 0 0 0 0 0 0 0 0 0 0 0 0 0 0 0 0 0 0 0 0 0 0 0 0 0 0 0 0 0 0 0 0 0 0 0 0 0 0 0 0 0 0 0 0 0 0 0 0 0 0 0 0 0 0 0 0 0 0 0 0 0 0 0 0 0 0 0 0 0 0 0 0 0 0 0 0 0 0 0 0 0 0 0 0 0 0 0 0 0 0 0 0 0 0 0 0 0 0 0 0 0 0 0 0
0 0 0 0 0 0 0 0 0 0 0 0 0 0 0 3.9524 3.9524 3.9524 3.9524 3.9524 3.9524 3.9524 3.9524 3.9524 3.9524 3.9524 3.9524 3.9524 3.9524 3.9524 3.9524 3.9524 3.9524 3.9524 3.9524 3.9524 3.9524 3.9524 3.9524 3.9524 3.9524 3.9524 3.9524 3.9524 3.9524 0 0 0 0 0 0 0 0 0 0 0 0 0 0 0 0 0 0 0 0 0 0 0 0 0 0 0 0 0 0 0 0 0 0 0 0 0 0 0 0 0 0 0 0 0 0 0 0 0 0 0 0 0 0 0 0 0 0 0 0 0 0 0 0 0 0 0 0 0 0 0 0 0 0 0 0 0 0 0 0 0 0 0 0 0 0 0 0 0 0 0 0 0 0 0 0 0 0 0 0 0 0 0 0 0 0 0 0 0 0 0 0 0 0 0 0 0 0 0 0 0 0 0 0 0 0 0 0 0 0 0 0 0 0 0 0 0 0 0 0 0 0 0 0 0 0 0 0 0 0 0 0 0 0 0
0 0 0 0 0 0 0 0 0 0 0 0 0 0 0 3.9524 3.9524 3.9524 3.9524 3.9524 3.9524 3.9524 3.9524 3.9524 3.9524 3.9524 3.9524 3.9524 3.9524 3.9524 3.9524 3.9524 3.9524 3.9524 3.9524 3.9524 3.9524 3.9524 3.9524 3.9524 3.9524 3.9524 3.9524 3.9524 3.9524 0 0 0 0 0 0 0 0 0 0 0 0 0 0 0 0 0 0 0 0 0 0 0 0 0 0 0 0 0 0 0 0 0 0 0 0 0 0 0 0 0 0 0 0 0 0 0 0 0 0 0 0 0 0 0 0 0 0 0 0 0 0 0 0 0 0 0 0 0 0 0 0 0 0 0 0 0 0 0 0 0 0 0 0 0 0 0 0 0 0 0 0 0 0 0 0 0 0 0 0 0 0 0 0 0 0 0 0 0 0 0 0 0 0 0 0 0 0 0 0 0 0 0 0 0 0 0 0 0 0 0 0 0 0 0 0 0 0 0 0 0 0 0 0 0 0 0 0 0 0 0 0 0 0 0
0 0 0 0 0 0 0 0 0 0 0 0 0 0 0 3.9524 3.9524 3.9524 3.9524 3.9524 3.9524 3.9524 3.9524 3.9524 3.9524 3.9524 3.9524 3.9524 3.9524 3.9524 3.9524 3.9524 3.9524 3.9524 3.9524 3.9524 3.9524 3.9524 3.9524 3.9524 3.9524 3.9524 3.9524 3.9524 3.9524 0 0 0 0 0 0 0 0 0 0 0 0 0 0 0 0 0 0 0 0 0 0 0 0 0 0 0 0 0 0 0 0 0 0 0 0 0 0 0 0 0 0 0 0 0 0 0 0 0 0 0 0 0 0 0 0 0 0 0 0 0 0 0 0 0 0 0 0 0 0 0 0 0 0 0 0 0 0 0 0 0 0 0 0 0 0 0 0 0 0 0 0 0 0 0 0 0 0 0 0 0 0 0 0 0 0 0 0 0 0 0 0 0 0 0 0 0 0 0 0 0 0 0 0 0 0 0 0 0 0 0 0 0 0 0 0 0 0 0 0 0 0 0 0 0 0 0 0 0 0 0 0 0 0 0
0 0 0 0 0 0 0 0 0 0 0 0 0 0 0 3.9524 3.9524 3.9524 3.9524 3.9524 3.9524 3.9524 3.9524 3.9524 3.9524 3.9524 3.9524 3.9524 3.9524 3.9524 3.9524 3.9524 3.9524 3.9524 3.9524 3.9524 3.9524 3.9524 3.9524 3.9524 3.9524 3.9524 3.9524 3.9524 3.9524 0 0 0 0 0 0 0 0 0 0 0 0 0 0 0 0 0 0 0 0 0 0 0 0 0 0 0 0 0 0 0 0 0 0 0 0 0 0 0 0 0 0 0 0 0 0 0 0 0 0 0 0 0 0 0 0 0 0 0 0 0 0 0 0 0 0 0 0 0 0 0 0 0 0 0 0 0 0 0 0 0 0 0 0 0 0 0 0 0 0 0 0 0 0 0 0 0 0 0 0 0 0 0 0 0 0 0 0 0 0 0 0 0 0 0 0 0 0 0 0 0 0 0 0 0 0 0 0 0 0 0 0 0 0 0 0 0 0 0 0 0 0 0 0 0 0 0 0 0 0 0 0 0 0 0
0 0 0 0 0 0 0 0 0 0 0 0 0 0 0 3.9524 3.9524 3.9524 3.9524 3.9524 3.9524 3.9524 3.9524 3.9524 3.9524 3.9524 3.9524 3.9524 3.9524 3.9524 3.9524 3.9524 3.9524 3.9524 3.9524 3.9524 3.9524 3.9524 3.9524 3.9524 3.9524 3.9524 3.9524 3.9524 3.9524 0 0 0 0 0 0 0 0 0 0 0 0 0 0 0 0 0 0 0 0 0 0 0 0 0 0 0 0 0 0 0 0 0 0 0 0 0 0 0 0 0 0 0 0 0 0 0 0 0 0 0 0 0 0 0 0 0 0 0 0 0 0 0 0 0 0 0 0 0 0 0 0 0 0 0 0 0 0 0 0 0 0 0 0 0 0 0 0 0 0 0 0 0 0 0 0 0 0 0 0 0 0 0 0 0 0 0 0 0 0 0 0 0 0 0 0 0 0 0 0 0 0 0 0 0 0 0 0 0 0 0 0 0 0 0 0 0 0 0 0 0 0 0 0 0 0 0 0 0 0 0 0 0 0 0
0 0 0 0 0 0 0 0 0 0 0 0 0 0 0 3.9524 3.9524 3.9524 3.9524 3.9524 3.9524 3.9524 3.9524 3.9524 3.9524 3.9524 3.9524 3.9524 3.9524 3.9524 3.9524 3.9524 3.9524 3.9524 3.9524 3.9524 3.9524 3.9524 3.9524 3.9524 3.9524 3.9524 3.9524 3.9524 3.9524 0 0 0 0 0 0 0 0 0 0 0 0 0 0 0 0 0 0 0 0 0 0 0 0 0 0 0 0 0 0 0 0 0 0 0 0 0 0 0 0 0 0 0 0 0 0 0 0 0 0 0 0 0 0 0 0 0 0 0 0 0 0 0 0 0 0 0 0 0 0 0 0 0 0 0 0 0 0 0 0 0 0 0 0 0 0 0 0 0 0 0 0 0 0 0 0 0 0 0 0 0 0 0 0 0 0 0 0 0 0 0 0 0 0 0 0 0 0 0 0 0 0 0 0 0 0 0 0 0 0 0 0 0 0 0 0 0 0 0 0 0 0 0 0 0 0 0 0 0 0 0 0 0 0 0
0 0 0 0 0 0 0 0 0 0 0 0 0 0 0 3.9524 3.9524 3.9524 3.9524 3.9524 3.9524 3.9524 3.9524 3.9524 3.9524 3.9524 3.9524 3.9524 3.9524 3.9524 3.9524 3.9524 3.9524 3.9524 3.9524 3.9524 3.9524 3.9524 3.9524 3.9524 3.9524 3.9524 3.9524 3.9524 3.9524 0 0 0 0 0 0 0 0 0 0 0 0 0 0 0 0 0 0 0 0 0 0 0 0 0 0 0 0 0 0 0 0 0 0 0 0 0 0 0 0 0 0 0 0 0 0 0 0 0 0 0 0 0 0 0 0 0 0 0 0 0 0 0 0 0 0 0 0 0 0 0 0 0 0 0 0 0 0 0 0 0 0 0 0 0 0 0 0 0 0 0 0 0 0 0 0 0 0 0 0 0 0 0 0 0 0 0 0 0 0 0 0 0 0 0 0 0 0 0 0 0 0 0 0 0 0 0 0 0 0 0 0 0 0 0 0 0 0 0 0 0 0 0 0 0 0 0 0 0 0 0 0 0 0 0
0 0 0 0 0 0 0 0 0 0 0 0 0 0 0 3.9524 3.9524 3.9524 3.9524 3.9524 3.9524 3.9524 3.9524 3.9524 3.9524 3.9524 3.9524 3.9524 3.9524 3.9524 3.9524 3.9524 3.9524 3.9524 3.9524 3.9524 3.9524 3.9524 3.9524 3.9524 3.9524 3.9524 3.9524 3.9524 3.9524 0 0 0 0 0 0 0 0 0 0 0 0 0 0 0 0 0 0 0 0 0 0 0 0 0 0 0 0 0 0 0 0 0 0 0 0 0 0 0 0 0 0 0 0 0 0 0 0 0 0 0 0 0 0 0 0 0 0 0 0 0 0 0 0 0 0 0 0 0 0 0 0 0 0 0 0 0 0 0 0 0 0 0 0 0 0 0 0 0 0 0 0 0 0 0 0 0 0 0 0 0 0 0 0 0 0 0 0 0 0 0 0 0 0 0 0 0 0 0 0 0 0 0 0 0 0 0 0 0 0 0 0 0 0 0 0 0 0 0 0 0 0 0 0 0 0 0 0 0 0 0 0 0 0 0
0 0 0 0 0 0 0 0 0 0 0 0 0 0 0 3.9524 3.9524 3.9524 3.9524 3.9524 3.9524 3.9524 3.9524 3.9524 3.9524 3.9524 3.9524 3.9524 3.9524 3.9524 3.9524 3.9524 3.9524 3.9524 3.9524 3.9524 3.9524 3.9524 3.9524 3.9524 3.9524 3.9524 3.9524 3.9524 3.9524 0 0 0 0 0 0 0 0 0 0 0 0 0 0 0 0 0 0 0 0 0 0 0 0 0 0 0 0 0 0 0 0 0 0 0 0 0 0 0 0 0 0 0 0 0 0 0 0 0 0 0 0 0 0 0 0 0 0 0 0 0 0 0 0 0 0 0 0 0 0 0 0 0 0 0 0 0 0 0 0 0 0 0 0 0 0 0 0 0 0 0 0 0 0 0 0 0 0 0 0 0 0 0 0 0 0 0 0 0 0 0 0 0 0 0 0 0 0 0 0 0 0 0 0 0 0 0 0 0 0 0 0 0 0 0 0 0 0 0 0 0 0 0 0 0 0 0 0 0 0 0 0 0 0 0
0 0 0 0 0 0 0 0 0 0 0 0 0 0 0 3.9524 3.9524 3.9524 3.9524 3.9524 3.9524 3.9524 3.9524 3.9524 3.9524 3.9524 3.9524 3.9524 3.9524 3.9524 3.9524 3.9524 3.9524 3.9524 3.9524 3.9524 3.9524 3.9524 3.9524 3.9524 3.9524 3.9524 3.9524 3.9524 3.9524 0 0 0 0 0 0 0 0 0 0 0 0 0 0 0 0 0 0 0 0 0 0 0 0 0 0 0 0 0 0 0 0 0 0 0 0 0 0 0 0 0 0 0 0 0 0 0 0 0 0 0 0 0 0 0 0 0 0 0 0 0 0 0 0 0 0 0 0 0 0 0 0 0 0 0 0 0 0 0 0 0 0 0 0 0 0 0 0 0 0 0 0 0 0 0 0 0 0 0 0 0 0 0 0 0 0 0 0 0 0 0 0 0 0 0 0 0 0 0 0 0 0 0 0 0 0 0 0 0 0 0 0 0 0 0 0 0 0 0 0 0 0 0 0 0 0 0 0 0 0 0 0 0 0 0
0 0 0 0 0 0 0 0 0 0 0 0 0 0 0 3.9524 3.9524 3.9524 3.9524 3.9524 3.9524 3.9524 3.9524 3.9524 3.9524 3.9524 3.9524 3.9524 3.9524 3.9524 3.9524 3.9524 3.9524 3.9524 3.9524 3.9524 3.9524 3.9524 3.9524 3.9524 3.9524 3.9524 3.9524 3.9524 3.9524 0 0 0 0 0 0 0 0 0 0 0 0 0 0 0 0 0 0 0 0 0 0 0 0 0 0 0 0 0 0 0 0 0 0 0 0 0 0 0 0 0 0 0 0 0 0 0 0 0 0 0 0 0 0 0 0 0 0 0 0 0 0 0 0 0 0 0 0 0 0 0 0 0 0 0 0 0 0 0 0 0 0 0 0 0 0 0 0 0 0 0 0 0 0 0 0 0 0 0 0 0 0 0 0 0 0 0 0 0 0 0 0 0 0 0 0 0 0 0 0 0 0 0 0 0 0 0 0 0 0 0 0 0 0 0 0 0 0 0 0 0 0 0 0 0 0 0 0 0 0 0 0 0 0 0
0 0 0 0 0 0 0 0 0 0 0 0 0 0 0 3.9524 3.9524 3.9524 3.9524 3.9524 3.9524 3.9524 3.9524 3.9524 3.9524 3.9524 3.9524 3.9524 3.9524 3.9524 3.9524 3.9524 3.9524 3.9524 3.9524 3.9524 3.9524 3.9524 3.9524 3.9524 3.9524 3.9524 3.9524 3.9524 3.9524 0 0 0 0 0 0 0 0 0 0 0 0 0 0 0 0 0 0 0 0 0 0 0 0 0 0 0 0 0 0 0 0 0 0 0 0 0 0 0 0 0 0 0 0 0 0 0 0 0 0 0 0 0 0 0 0 0 0 0 0 0 0 0 0 0 0 0 0 0 0 0 0 0 0 0 0 0 0 0 0 0 0 0 0 0 0 0 0 0 0 0 0 0 0 0 0 0 0 0 0 0 0 0 0 0 0 0 0 0 0 0 0 0 0 0 0 0 0 0 0 0 0 0 0 0 0 0 0 0 0 0 0 0 0 0 0 0 0 0 0 0 0 0 0 0 0 0 0 0 0 0 0 0 0 0
0 0 0 0 0 0 0 0 0 0 0 0 0 0 0 3.9524 3.9524 3.9524 3.9524 3.9524 3.9524 3.9524 3.9524 3.9524 3.9524 3.9524 3.9524 3.9524 3.9524 3.9524 3.9524 3.9524 3.9524 3.9524 3.9524 3.9524 3.9524 3.9524 3.9524 3.9524 3.9524 3.9524 3.9524 3.9524 3.9524 0 0 0 0 0 0 0 0 0 0 0 0 0 0 0 0 0 0 0 0 0 0 0 0 0 0 0 0 0 0 0 0 0 0 0 0 0 0 0 0 0 0 0 0 0 0 0 0 0 0 0 0 0 0 0 0 0 0 0 0 0 0 0 0 0 0 0 0 0 0 0 0 0 0 0 0 0 0 0 0 0 0 0 0 0 0 0 0 0 0 0 0 0 0 0 0 0 0 0 0 0 0 0 0 0 0 0 0 0 0 0 0 0 0 0 0 0 0 0 0 0 0 0 0 0 0 0 0 0 0 0 0 0 0 0 0 0 0 0 0 0 0 0 0 0 0 0 0 0 0 0 0 0 0 0
0 0 0 0 0 0 0 0 0 0 0 0 0 0 0 3.9524 3.9524 3.9524 3.9524 3.9524 3.9524 3.9524 3.9524 3.9524 3.9524 3.9524 3.9524 3.9524 3.9524 3.9524 3.9524 3.9524 3.9524 3.9524 3.9524 3.9524 3.9524 3.9524 3.9524 3.9524 3.9524 3.9524 3.9524 3.9524 3.9524 0 0 0 0 0 0 0 0 0 0 0 0 0 0 0 0 0 0 0 0 0 0 0 0 0 0 0 0 0 0 0 0 0 0 0 0 0 0 0 0 0 0 0 0 0 0 0 0 0 0 0 0 0 0 0 0 0 0 0 0 0 0 0 0 0 0 0 0 0 0 0 0 0 0 0 0 0 0 0 0 0 0 0 0 0 0 0 0 0 0 0 0 0 0 0 0 0 0 0 0 0 0 0 0 0 0 0 0 0 0 0 0 0 0 0 0 0 0 0 0 0 0 0 0 0 0 0 0 0 0 0 0 0 0 0 0 0 0 0 0 0 0 0 0 0 0 0 0 0 0 0 0 0 0 0
0 0 0 0 0 0 0 0 0 0 0 0 0 0 0 3.9524 3.9524 3.9524 3.9524 3.9524 3.9524 3.9524 3.9524 3.9524 3.9524 3.9524 3.9524 3.9524 3.9524 3.9524 3.9524 3.9524 3.9524 3.9524 3.9524 3.9524 3.9524 3.9524 3.9524 3.9524 3.9524 3.9524 3.9524 3.9524 3.9524 0 0 0 0 0 0 0 0 0 0 0 0 0 0 0 0 0 0 0 0 0 0 0 0 0 0 0 0 0 0 0 0 0 0 0 0 0 0 0 0 0 0 0 0 0 0 0 0 0 0 0 0 0 0 0 0 0 0 0 0 0 0 0 0 0 0 0 0 0 0 0 0 0 0 0 0 0 0 0 0 0 0 0 0 0 0 0 0 0 0 0 0 0 0 0 0 0 0 0 0 0 0 0 0 0 0 0 0 0 0 0 0 0 0 0 0 0 0 0 0 0 0 0 0 0 0 0 0 0 0 0 0 0 0 0 0 0 0 0 0 0 0 0 0 0 0 0 0 0 0 0 0 0 0 0
0 0 0 0 0 0 0 0 0 0 0 0 0 0 0 3.9524 3.9524 3.9524 3.9524 3.9524 3.9524 3.9524 3.9524 3.9524 3.9524 3.9524 3.9524 3.9524 3.9524 3.9524 3.9524 3.9524 3.9524 3.9524 3.9524 3.9524 3.9524 3.9524 3.9524 3.9524 3.9524 3.9524 3.9524 3.9524 3.9524 0 0 0 0 0 0 0 0 0 0 0 0 0 0 0 0 0 0 0 0 0 0 0 0 0 0 0 0 0 0 0 0 0 0 0 0 0 0 0 0 0 0 0 0 0 0 0 0 0 0 0 0 0 0 0 0 0 0 0 0 0 0 0 0 0 0 0 0 0 0 0 0 0 0 0 0 0 0 0 0 0 0 0 0 0 0 0 0 0 0 0 0 0 0 0 0 0 0 0 0 0 0 0 0 0 0 0 0 0 0 0 0 0 0 0 0 0 0 0 0 0 0 0 0 0 0 0 0 0 0 0 0 0 0 0 0 0 0 0 0 0 0 0 0 0 0 0 0 0 0 0 0 0 0 0
0 0 0 0 0 0 0 0 0 0 0 0 0 0 0 3.9524 3.9524 3.9524 3.9524 3.9524 3.9524 3.9524 3.9524 3.9524 3.9524 3.9524 3.9524 3.9524 3.9524 3.9524 3.9524 3.9524 3.9524 3.9524 3.9524 3.9524 3.9524 3.9524 3.9524 3.9524 3.9524 3.9524 3.9524 3.9524 3.9524 0 0 0 0 0 0 0 0 0 0 0 0 0 0 0 0 0 0 0 0 0 0 0 0 0 0 0 0 0 0 0 0 0 0 0 0 0 0 0 0 0 0 0 0 0 0 0 0 0 0 0 0 0 0 0 0 0 0 0 0 0 0 0 0 0 0 0 0 0 0 0 0 0 0 0 0 0 0 0 0 0 0 0 0 0 0 0 0 0 0 0 0 0 0 0 0 0 0 0 0 0 0 0 0 0 0 0 0 0 0 0 0 0 0 0 0 0 0 0 0 0 0 0 0 0 0 0 0 0 0 0 0 0 0 0 0 0 0 0 0 0 0 0 0 0 0 0 0 0 0 0 0 0 0 0
0 0 0 0 0 0 0 0 0 0 0 0 0 0 0 3.9524 3.9524 3.9524 3.9524 3.9524 3.9524 3.9524 3.9524 3.9524 3.9524 3.9524 3.9524 3.9524 3.9524 3.9524 3.9524 3.9524 3.9524 3.9524 3.9524 3.9524 3.9524 3.9524 3.9524 3.9524 3.9524 3.9524 3.9524 3.9524 3.9524 0 0 0 0 0 0 0 0 0 0 0 0 0 0 0 0 0 0 0 0 0 0 0 0 0 0 0 0 0 0 0 0 0 0 0 0 0 0 0 0 0 0 0 0 0 0 0 0 0 0 0 0 0 0 0 0 0 0 0 0 0 0 0 0 0 0 0 0 0 0 0 0 0 0 0 0 0 0 0 0 0 0 0 0 0 0 0 0 0 0 0 0 0 0 0 0 0 0 0 0 0 0 0 0 0 0 0 0 0 0 0 0 0 0 0 0 0 0 0 0 0 0 0 0 0 0 0 0 0 0 0 0 0 0 0 0 0 0 0 0 0 0 0 0 0 0 0 0 0 0 0 0 0 0 0
0 0 0 0 0 0 0 0 0 0 0 0 0 0 0 3.9524 3.9524 3.9524 3.9524 3.9524 3.9524 3.9524 3.9524 3.9524 3.9524 3.9524 3.9524 3.9524 3.9524 3.9524 3.9524 3.9524 3.9524 3.9524 3.9524 3.9524 3.9524 3.9524 3.9524 3.9524 3.9524 3.9524 3.9524 3.9524 3.9524 0 0 0 0 0 0 0 0 0 0 0 0 0 0 0 0 0 0 0 0 0 0 0 0 0 0 0 0 0 0 0 0 0 0 0 0 0 0 0 0 0 0 0 0 0 0 0 0 0 0 0 0 0 0 0 0 0 0 0 0 0 0 0 0 0 0 0 0 0 0 0 0 0 0 0 0 0 0 0 0 0 0 0 0 0 0 0 0 0 0 0 0 0 0 0 0 0 0 0 0 0 0 0 0 0 0 0 0 0 0 0 0 0 0 0 0 0 0 0 0 0 0 0 0 0 0 0 0 0 0 0 0 0 0 0 0 0 0 0 0 0 0 0 0 0 0 0 0 0 0 0 0 0 0 0
0 0 0 0 0 0 0 0 0 0 0 0 0 0 0 3.9524 3.9524 3.9524 3.9524 3.9524 3.9524 3.9524 3.9524 3.9524 3.9524 3.9524 3.9524 3.9524 3.9524 3.9524 3.9524 3.9524 3.9524 3.9524 3.9524 3.9524 3.9524 3.9524 3.9524 3.9524 3.9524 3.9524 3.9524 3.9524 3.9524 0 0 0 0 0 0 0 0 0 0 0 0 0 0 0 0 0 0 0 0 0 0 0 0 0 0 0 0 0 0 0 0 0 0 0 0 0 0 0 0 0 0 0 0 0 0 0 0 0 0 0 0 0 0 0 0 0 0 0 0 0 0 0 0 0 0 0 0 0 0 0 0 0 0 0 0 0 0 0 0 0 0 0 0 0 0 0 0 0 0 0 0 0 0 0 0 0 0 0 0 0 0 0 0 0 0 0 0 0 0 0 0 0 0 0 0 0 0 0 0 0 0 0 0 0 0 0 0 0 0 0 0 0 0 0 0 0 0 0 0 0 0 0 0 0 0 0 0 0 0 0 0 0 0 0
0 0 0 0 0 0 0 0 0 0 0 0 0 0 0 3.9524 3.9524 3.9524 3.9524 3.9524 3.9524 3.9524 3.9524 3.9524 3.9524 3.9524 3.9524 3.9524 3.9524 3.9524 3.9524 3.9524 3.9524 3.9524 3.9524 3.9524 3.9524 3.9524 3.9524 3.9524 3.9524 3.9524 3.9524 3.9524 3.9524 0 0 0 0 0 0 0 0 0 0 0 0 0 0 0 0 0 0 0 0 0 0 0 0 0 0 0 0 0 0 0 0 0 0 0 0 0 0 0 0 0 0 0 0 0 0 0 0 0 0 0 0 0 0 0 0 0 0 0 0 0 0 0 0 0 0 0 0 0 0 0 0 0 0 0 0 0 0 0 0 0 0 0 0 0 0 0 0 0 0 0 0 0 0 0 0 0 0 0 0 0 0 0 0 0 0 0 0 0 0 0 0 0 0 0 0 0 0 0 0 0 0 0 0 0 0 0 0 0 0 0 0 0 0 0 0 0 0 0 0 0 0 0 0 0 0 0 0 0 0 0 0 0 0 0
