0 0 0 0 0 0 0 0 0 0 0 0 0 0 0 0.90476 0.90476 0.90476 0.90476 0.90476 0.90476 0.90476 0.90476 0.90476 0.90476 0.90476 0.90476 0.90476 0.90476 0.90476 0.90476 0.90476 0.90476 0.90476 0.90476 0.90476 0.90476 0.90476 0.90476 0.90476 0.90476 0.90476 0.90476 0.90476 0.90476 0 0 0 0 0 0 0 0 0 0 0 0 0 0 0 0 0 0 0 0 0 0 0 0 0 0 0 0 0 0 0 0 0 0 0 0 0 0 0 0 0 0 0 0 0 0 0 0 0 0 0 0 0 0 0 0 0 0 0 0 0 0 0 0 0 0 0 0 0 0 0 0 0 0 0 0 0 0 0 0 0 0 0 0 0 0 0 0 0 0 0 0 0 0 0 0 0 0 0 0 0 0 0 0 0 0 0 0 0 0
0 0 0 0 0 0 0 0 0 0 0 0 0 0 0 0.90476 0.90476 0.90476 0.90476 0.90476 0.90476 0.90476 0.90476 0.90476 0.90476 0.90476 0.90476 0.90476 0.90476 0.90476 0.90476 0.90476 0.90476 0.90476 0.90476 0.90476 0.90476 0.90476 0.90476 0.90476 0.90476 0.90476 0.90476 0.90476 0.90476 0 0 0 0 0 0 0 0 0 0 0 0 0 0 0 0 0 0 0 0 0 0 0 0 0 0 0 0 0 0 0 0 0 0 0 0 0 0 0 0 0 0 0 0 0 0 0 0 0 0 0 0 0 0 0 0 0 0 0 0 0 0 0 0 0 0 0 0 0 0 0 0 0 0 0 0 0 0 0 0 0 0 0 0 0 0 0 0 0 0 0 0 0 0 0 0 0 0 0 0 0 0 0 0 0 0 0 0 0 0
0 0 0 0 0 0 0 0 0 0 0 0 0 0 0 0.90476 0.90476 0.90476 0.90476 0.90476 0.90476 0.90476 0.90476 0.90476 0.90476 0.90476 0.90476 0.90476 0.90476 0.90476 0.90476 0.90476 0.90476 0.90476 0.90476 0.90476 0.90476 0.90476 0.90476 0.90476 0.90476 0.90476 0.90476 0.90476 0.90476 0 0 0 0 0 0 0 0 0 0 0 0 0 0 0 0 0 0 0 0 0 0 0 0 0 0 0 0 0 0 0 0 0 0 0 0 0 0 0 0 0 0 0 0 0 0 0 0 0 0 0 0 0 0 0 0 0 0 0 0 0 0 0 0 0 0 0 0 0 0 0 0 0 0 0 0 0 0 0 0 0 0 0 0 0 0 0 0 0 0 0 0 0 0 0 0 0 0 0 0 0 0 0 0 0 0 0 0 0 0
0 0 0 0 0 0 0 0 0 0 0 0 0 0 0 0.90476 0.90476 0.90476 0.90476 0.90476 0.90476 0.90476 0.90476 0.90476 0.90476 0.90476 0.90476 0.90476 0.90476 0.90476 0.90476 0.90476 0.90476 0.90476 0.90476 0.90476 0.90476 0.90476 0.90476 0.90476 0.90476 0.90476 0.90476 0.90476 0.90476 0 0 0 0 0 0 0 0 0 0 0 0 0 0 0 0 0 0 0 0 0 0 0 0 0 0 0 0 0 0 0 0 0 0 0 0 0 0 0 0 0 0 0 0 0 0 0 0 0 0 0 0 0 0 0 0 0 0 0 0 0 0 0 0 0 0 0 0 0 0 0 0 0 0 0 0 0 0 0 0 0 0 0 0 0 0 0 0 0 0 0 0 0 0 0 0 0 0 0 0 0 0 0 0 0 0 0 0 0 0
0 0 0 0 0 0 0 0 0 0 0 0 0 0 0 0.90476 0.90476 0.90476 0.90476 0.90476 0.90476 0.90476 0.90476 0.90476 0.90476 0.90476 0.90476 0.90476 0.90476 0.90476 0.90476 0.90476 0.90476 0.90476 0.90476 0.90476 0.90476 0.90476 0.90476 0.90476 0.90476 0.90476 0.90476 0.90476 0.90476 0 0 0 0 0 0 0 0 0 0 0 0 0 0 0 0 0 0 0 0 0 0 0 0 0 0 0 0 0 0 0 0 0 0 0 0 0 0 0 0 0 0 0 0 0 0 0 0 0 0 0 0 0 0 0 0 0 0 0 0 0 0 0 0 0 0 0 0 0 0 0 0 0 0 0 0 0 0 0 0 0 0 0 0 0 0 0 0 0 0 0 0 0 0 0 0 0 0 0 0 0 0 0 0 0 0 0 0 0 0
0 0 0 0 0 0 0 0 0 0 0 0 0 0 0 0.90476 0.90476 0.90476 0.90476 0.90476 0.90476 0.90476 0.90476 0.90476 0.90476 0.90476 0.90476 0.90476 0.90476 0.90476 0.90476 0.90476 0.90476 0.90476 0.90476 0.90476 0.90476 0.90476 0.90476 0.90476 0.90476 0.90476 0.90476 0.90476 0.90476 0 0 0 0 0 0 0 0 0 0 0 0 0 0 0 0 0 0 0 0 0 0 0 0 0 0 0 0 0 0 0 0 0 0 0 0 0 0 0 0 0 0 0 0 0 0 0 0 0 0 0 0 0 0 0 0 0 0 0 0 0 0 0 0 0 0 0 0 0 0 0 0 0 0 0 0 0 0 0 0 0 0 0 0 0 0 0 0 0 0 0 0 0 0 0 0 0 0 0 0 0 0 0 0 0 0 0 0 0 0
0 0 0 0 0 0 0 0 0 0 0 0 0 0 0 0.90476 0.90476 0.90476 0.90476 0.90476 0.90476 0.90476 0.90476 0.90476 0.90476 0.90476 0.90476 0.90476 0.90476 0.90476 0.90476 0.90476 0.90476 0.90476 0.90476 0.90476 0.90476 0.90476 0.90476 0.90476 0.90476 0.90476 0.90476 0.90476 0.90476 0 0 0 0 0 0 0 0 0 0 0 0 0 0 0 0 0 0 0 0 0 0 0 0 0 0 0 0 0 0 0 0 0 0 0 0 0 0 0 0 0 0 0 0 0 0 0 0 0 0 0 0 0 0 0 0 0 0 0 0 0 0 0 0 0 0 0 0 0 0 0 0 0 0 0 0 0 0 0 0 0 0 0 0 0 0 0 0 0 0 0 0 0 0 0 0 0 0 0 0 0 0 0 0 0 0 0 0 0 0
0 0 0 0 0 0 0 0 0 0 0 0 0 0 0 0.90476 0.90476 0.90476 0.90476 0.90476 0.90476 0.90476 0.90476 0.90476 0.90476 0.90476 0.90476 0.90476 0.90476 0.90476 0.90476 0.90476 0.90476 0.90476 0.90476 0.90476 0.90476 0.90476 0.90476 0.90476 0.90476 0.90476 0.90476 0.90476 0.90476 0 0 0 0 0 0 0 0 0 0 0 0 0 0 0 0 0 0 0 0 0 0 0 0 0 0 0 0 0 0 0 0 0 0 0 0 0 0 0 0 0 0 0 0 0 0 0 0 0 0 0 0 0 0 0 0 0 0 0 0 0 0 0 0 0 0 0 0 0 0 0 0 0 0 0 0 0 0 0 0 0 0 0 0 0 0 0 0 0 0 0 0 0 0 0 0 0 0 0 0 0 0 0 0 0 0 0 0 0 0
0 0 0 0 0 0 0 0 0 0 0 0 0 0 0 0.90476 0.90476 0.90476 0.90476 0.90476 0.90476 0.90476 0.90476 0.90476 0.90476 0.90476 0.90476 0.90476 0.90476 0.90476 0.90476 0.90476 0.90476 0.90476 0.90476 0.90476 0.90476 0.90476 0.90476 0.90476 0.90476 0.90476 0.90476 0.90476 0.90476 0 0 0 0 0 0 0 0 0 0 0 0 0 0 0 0 0 0 0 0 0 0 0 0 0 0 0 0 0 0 0 0 0 0 0 0 0 0 0 0 0 0 0 0 0 0 0 0 0 0 0 0 0 0 0 0 0 0 0 0 0 0 0 0 0 0 0 0 0 0 0 0 0 0 0 0 0 0 0 0 0 0 0 0 0 0 0 0 0 0 0 0 0 0 0 0 0 0 0 0 0 0 0 0 0 0 0 0 0 0
0 0 0 0 0 0 0 0 0 0 0 0 0 0 0 0.90476 0.90476 0.90476 0.90476 0.90476 0.90476 0.90476 0.90476 0.90476 0.90476 0.90476 0.90476 0.90476 0.90476 0.90476 0.90476 0.90476 0.90476 0.90476 0.90476 0.90476 0.90476 0.90476 0.90476 0.90476 0.90476 0.90476 0.90476 0.90476 0.90476 0 0 0 0 0 0 0 0 0 0 0 0 0 0 0 0 0 0 0 0 0 0 0 0 0 0 0 0 0 0 0 0 0 0 0 0 0 0 0 0 0 0 0 0 0 0 0 0 0 0 0 0 0 0 0 0 0 0 0 0 0 0 0 0 0 0 0 0 0 0 0 0 0 0 0 0 0 0 0 0 0 0 0 0 0 0 0 0 0 0 0 0 0 0 0 0 0 0 0 0 0 0 0 0 0 0 0 0 0 0
0 0 0 0 0 0 0 0 0 0 0 0 0 0 0 0.90476 0.90476 0.90476 0.90476 0.90476 0.90476 0.90476 0.90476 0.90476 0.90476 0.90476 0.90476 0.90476 0.90476 0.90476 0.90476 0.90476 0.90476 0.90476 0.90476 0.90476 0.90476 0.90476 0.90476 0.90476 0.90476 0.90476 0.90476 0.90476 0.90476 0 0 0 0 0 0 0 0 0 0 0 0 0 0 0 0 0 0 0 0 0 0 0 0 0 0 0 0 0 0 0 0 0 0 0 0 0 0 0 0 0 0 0 0 0 0 0 0 0 0 0 0 0 0 0 0 0 0 0 0 0 0 0 0 0 0 0 0 0 0 0 0 0 0 0 0 0 0 0 0 0 0 0 0 0 0 0 0 0 0 0 0 0 0 0 0 0 0 0 0 0 0 0 0 0 0 0 0 0 0
0 0 0 0 0 0 0 0 0 0 0 0 0 0 0 0.90476 0.90476 0.90476 0.90476 0.90476 0.90476 0.90476 0.90476 0.90476 0.90476 0.90476 0.90476 0.90476 0.90476 0.90476 0.90476 0.90476 0.90476 0.90476 0.90476 0.90476 0.90476 0.90476 0.90476 0.90476 0.90476 0.90476 0.90476 0.90476 0.90476 0 0 0 0 0 0 0 0 0 0 0 0 0 0 0 0 0 0 0 0 0 0 0 0 0 0 0 0 0 0 0 0 0 0 0 0 0 0 0 0 0 0 0 0 0 0 0 0 0 0 0 0 0 0 0 0 0 0 0 0 0 0 0 0 0 0 0 0 0 0 0 0 0 0 0 0 0 0 0 0 0 0 0 0 0 0 0 0 0 0 0 0 0 0 0 0 0 0 0 0 0 0 0 0 0 0 0 0 0 0
0 0 0 0 0 0 0 0 0 0 0 0 0 0 0 0.90476 0.90476 0.90476 0.90476 0.90476 0.90476 0.90476 0.90476 0.90476 0.90476 0.90476 0.90476 0.90476 0.90476 0.90476 0.90476 0.90476 0.90476 0.90476 0.90476 0.90476 0.90476 0.90476 0.90476 0.90476 0.90476 0.90476 0.90476 0.90476 0.90476 0 0 0 0 0 0 0 0 0 0 0 0 0 0 0 0 0 0 0 0 0 0 0 0 0 0 0 0 0 0 0 0 0 0 0 0 0 0 0 0 0 0 0 0 0 0 0 0 0 0 0 0 0 0 0 0 0 0 0 0 0 0 0 0 0 0 0 0 0 0 0 0 0 0 0 0 0 0 0 0 0 0 0 0 0 0 0 0 0 0 0 0 0 0 0 0 0 0 0 0 0 0 0 0 0 0 0 0 0 0
0 0 0 0 0 0 0 0 0 0 0 0 0 0 0 0.90476 0.90476 0.90476 0.90476 0.90476 0.90476 0.90476 0.90476 0.90476 0.90476 0.90476 0.90476 0.90476 0.90476 0.90476 0.90476 0.90476 0.90476 0.90476 0.90476 0.90476 0.90476 0.90476 0.90476 0.90476 0.90476 0.90476 0.90476 0.90476 0.90476 0 0 0 0 0 0 0 0 0 0 0 0 0 0 0 0 0 0 0 0 0 0 0 0 0 0 0 0 0 0 0 0 0 0 0 0 0 0 0 0 0 0 0 0 0 0 0 0 0 0 0 0 0 0 0 0 0 0 0 0 0 0 0 0 0 0 0 0 0 0 0 0 0 0 0 0 0 0 0 0 0 0 0 0 0 0 0 0 0 0 0 0 0 0 0 0 0 0 0 0 0 0 0 0 0 0 0 0 0 0
0 0 0 0 0 0 0 0 0 0 0 0 0 0 0 0.90476 0.90476 0.90476 0.90476 0.90476 0.90476 0.90476 0.90476 0.90476 0.90476 0.90476 0.90476 0.90476 0.90476 0.90476 0.90476 0.90476 0.90476 0.90476 0.90476 0.90476 0.90476 0.90476 0.90476 0.90476 0.90476 0.90476 0.90476 0.90476 0.90476 0 0 0 0 0 0 0 0 0 0 0 0 0 0 0 0 0 0 0 0 0 0 0 0 0 0 0 0 0 0 0 0 0 0 0 0 0 0 0 0 0 0 0 0 0 0 0 0 0 0 0 0 0 0 0 0 0 0 0 0 0 0 0 0 0 0 0 0 0 0 0 0 0 0 0 0 0 0 0 0 0 0 0 0 0 0 0 0 0 0 0 0 0 0 0 0 0 0 0 0 0 0 0 0 0 0 0 0 0 0
0 0 0 0 0 0 0 0 0 0 0 0 0 0 0 0.90476 0.90476 0.90476 0.90476 0.90476 0.90476 0.90476 0.90476 0.90476 0.90476 0.90476 0.90476 0.90476 0.90476 0.90476 0.90476 0.90476 0.90476 0.90476 0.90476 0.90476 0.90476 0.90476 0.90476 0.90476 0.90476 0.90476 0.90476 0.90476 0.90476 0 0 0 0 0 0 0 0 0 0 0 0 0 0 0 0 0 0 0 0 0 0 0 0 0 0 0 0 0 0 0 0 0 0 0 0 0 0 0 0 0 0 0 0 0 0 0 0 0 0 0 0 0 0 0 0 0 0 0 0 0 0 0 0 0 0 0 0 0 0 0 0 0 0 0 0 0 0 0 0 0 0 0 0 0 0 0 0 0 0 0 0 0 0 0 0 0 0 0 0 0 0 0 0 0 0 0 0 0 0
0 0 0 0 0 0 0 0 0 0 0 0 0 0 0 0.90476 0.90476 0.90476 0.90476 0.90476 0.90476 0.90476 0.90476 0.90476 0.90476 0.90476 0.90476 0.90476 0.90476 0.90476 0.90476 0.90476 0.90476 0.90476 0.90476 0.90476 0.90476 0.90476 0.90476 0.90476 0.90476 0.90476 0.90476 0.90476 0.90476 0 0 0 0 0 0 0 0 0 0 0 0 0 0 0 0 0 0 0 0 0 0 0 0 0 0 0 0 0 0 0 0 0 0 0 0 0 0 0 0 0 0 0 0 0 0 0 0 0 0 0 0 0 0 0 0 0 0 0 0 0 0 0 0 0 0 0 0 0 0 0 0 0 0 0 0 0 0 0 0 0 0 0 0 0 0 0 0 0 0 0 0 0 0 0 0 0 0 0 0 0 0 0 0 0 0 0 0 0 0
0 0 0 0 0 0 0 0 0 0 0 0 0 0 0 0.90476 0.90476 0.90476 0.90476 0.90476 0.90476 0.90476 0.90476 0.90476 0.90476 0.90476 0.90476 0.90476 0.90476 0.90476 0.90476 0.90476 0.90476 0.90476 0.90476 0.90476 0.90476 0.90476 0.90476 0.90476 0.90476 0.90476 0.90476 0.90476 0.90476 0 0 0 0 0 0 0 0 0 0 0 0 0 0 0 0 0 0 0 0 0 0 0 0 0 0 0 0 0 0 0 0 0 0 0 0 0 0 0 0 0 0 0 0 0 0 0 0 0 0 0 0 0 0 0 0 0 0 0 0 0 0 0 0 0 0 0 0 0 0 0 0 0 0 0 0 0 0 0 0 0 0 0 0 0 0 0 0 0 0 0 0 0 0 0 0 0 0 0 0 0 0 0 0 0 0 0 0 0 0
0 0 0 0 0 0 0 0 0 0 0 0 0 0 0 0.90476 0.90476 0.90476 0.90476 0.90476 0.90476 0.90476 0.90476 0.90476 0.90476 0.90476 0.90476 0.90476 0.90476 0.90476 0.90476 0.90476 0.90476 0.90476 0.90476 0.90476 0.90476 0.90476 0.90476 0.90476 0.90476 0.90476 0.90476 0.90476 0.90476 0 0 0 0 0 0 0 0 0 0 0 0 0 0 0 0 0 0 0 0 0 0 0 0 0 0 0 0 0 0 0 0 0 0 0 0 0 0 0 0 0 0 0 0 0 0 0 0 0 0 0 0 0 0 0 0 0 0 0 0 0 0 0 0 0 0 0 0 0 0 0 0 0 0 0 0 0 0 0 0 0 0 0 0 0 0 0 0 0 0 0 0 0 0 0 0 0 0 0 0 0 0 0 0 0 0 0 0 0 0
0 0 0 0 0 0 0 0 0 0 0 0 0 0 0 0.90476 0.90476 0.90476 0.90476 0.90476 0.90476 0.90476 0.90476 0.90476 0.90476 0.90476 0.90476 0.90476 0.90476 0.90476 0.90476 0.90476 0.90476 0.90476 0.90476 0.90476 0.90476 0.90476 0.90476 0.90476 0.90476 0.90476 0.90476 0.90476 0.90476 0 0 0 0 0 0 0 0 0 0 0 0 0 0 0 0 0 0 0 0 0 0 0 0 0 0 0 0 0 0 0 0 0 0 0 0 0 0 0 0 0 0 0 0 0 0 0 0 0 0 0 0 0 0 0 0 0 0 0 0 0 0 0 0 0 0 0 0 0 0 0 0 0 0 0 0 0 0 0 0 0 0 0 0 0 0 0 0 0 0 0 0 0 0 0 0 0 0 0 0 0 0 0 0 0 0 0 0 0 0
0 0 0 0 0 0 0 0 0 0 0 0 0 0 0 0.90476 0.90476 0.90476 0.90476 0.90476 0.90476 0.90476 0.90476 0.90476 0.90476 0.90476 0.90476 0.90476 0.90476 0.90476 0.90476 0.90476 0.90476 0.90476 0.90476 0.90476 0.90476 0.90476 0.90476 0.90476 0.90476 0.90476 0.90476 0.90476 0.90476 0 0 0 0 0 0 0 0 0 0 0 0 0 0 0 0 0 0 0 0 0 0 0 0 0 0 0 0 0 0 0 0 0 0 0 0 0 0 0 0 0 0 0 0 0 0 0 0 0 0 0 0 0 0 0 0 0 0 0 0 0 0 0 0 0 0 0 0 0 0 0 0 0 0 0 0 0 0 0 0 0 0 0 0 0 0 0 0 0 0 0 0 0 0 0 0 0 0 0 0 0 0 0 0 0 0 0 0 0 0
0 0 0 0 0 0 0 0 0 0 0 0 0 0 0 0.90476 0.90476 0.90476 0.90476 0.90476 0.90476 0.90476 0.90476 0.90476 0.90476 0.90476 0.90476 0.90476 0.90476 0.90476 0.90476 0.90476 0.90476 0.90476 0.90476 0.90476 0.90476 0.90476 0.90476 0.90476 0.90476 0.90476 0.90476 0.90476 0.90476 0 0 0 0 0 0 0 0 0 0 0 0 0 0 0 0 0 0 0 0 0 0 0 0 0 0 0 0 0 0 0 0 0 0 0 0 0 0 0 0 0 0 0 0 0 0 0 0 0 0 0 0 0 0 0 0 0 0 0 0 0 0 0 0 0 0 0 0 0 0 0 0 0 0 0 0 0 0 0 0 0 0 0 0 0 0 0 0 0 0 0 0 0 0 0 0 0 0 0 0 0 0 0 0 0 0 0 0 0 0
0 0 0 0 0 0 0 0 0 0 0 0 0 0 0 0.90476 0.90476 0.90476 0.90476 0.90476 0.90476 0.90476 0.90476 0.90476 0.90476 0.90476 0.90476 0.90476 0.90476 0.90476 0.90476 0.90476 0.90476 0.90476 0.90476 0.90476 0.90476 0.90476 0.90476 0.90476 0.90476 0.90476 0.90476 0.90476 0.90476 0 0 0 0 0 0 0 0 0 0 0 0 0 0 0 0 0 0 0 0 0 0 0 0 0 0 0 0 0 0 0 0 0 0 0 0 0 0 0 0 0 0 0 0 0 0 0 0 0 0 0 0 0 0 0 0 0 0 0 0 0 0 0 0 0 0 0 0 0 0 0 0 0 0 0 0 0 0 0 0 0 0 0 0 0 0 0 0 0 0 0 0 0 0 0 0 0 0 0 0 0 0 0 0 0 0 0 0 0 0
0 0 0 0 0 0 0 0 0 0 0 0 0 0 0 0.90476 0.90476 0.90476 0.90476 0.90476 0.90476 0.90476 0.90476 0.90476 0.90476 0.90476 0.90476 0.90476 0.90476 0.90476 0.90476 0.90476 0.90476 0.90476 0.90476 0.90476 0.90476 0.90476 0.90476 0.90476 0.90476 0.90476 0.90476 0.90476 0.90476 0 0 0 0 0 0 0 0 0 0 0 0 0 0 0 0 0 0 0 0 0 0 0 0 0 0 0 0 0 0 0 0 0 0 0 0 0 0 0 0 0 0 0 0 0 0 0 0 0 0 0 0 0 0 0 0 0 0 0 0 0 0 0 0 0 0 0 0 0 0 0 0 0 0 0 0 0 0 0 0 0 0 0 0 0 0 0 0 0 0 0 0 0 0 0 0 0 0 0 0 0 0 0 0 0 0 0 0 0 0
0 0 0 0 0 0 0 0 0 0 0 0 0 0 0 0.90476 0.90476 0.90476 0.90476 0.90476 0.90476 0.90476 0.90476 0.90476 0.90476 0.90476 0.90476 0.90476 0.90476 0.90476 0.90476 0.90476 0.90476 0.90476 0.90476 0.90476 0.90476 0.90476 0.90476 0.90476 0.90476 0.90476 0.90476 0.90476 0.90476 0 0 0 0 0 0 0 0 0 0 0 0 0 0 0 0 0 0 0 0 0 0 0 0 0 0 0 0 0 0 0 0 0 0 0 0 0 0 0 0 0 0 0 0 0 0 0 0 0 0 0 0 0 0 0 0 0 0 0 0 0 0 0 0 0 0 0 0 0 0 0 0 0 0 0 0 0 0 0 0 0 0 0 0 0 0 0 0 0 0 0 0 0 0 0 0 0 0 0 0 0 0 0 0 0 0 0 0 0 0
0 0 0 0 0 0 0 0 0 0 0 0 0 0 0 0.90476 0.90476 0.90476 0.90476 0.90476 0.90476 0.90476 0.90476 0.90476 0.90476 0.90476 0.90476 0.90476 0.90476 0.90476 0.90476 0.90476 0.90476 0.90476 0.90476 0.90476 0.90476 0.90476 0.90476 0.90476 0.90476 0.90476 0.90476 0.90476 0.90476 0 0 0 0 0 0 0 0 0 0 0 0 0 0 0 0 0 0 0 0 0 0 0 0 0 0 0 0 0 0 0 0 0 0 0 0 0 0 0 0 0 0 0 0 0 0 0 0 0 0 0 0 0 0 0 0 0 0 0 0 0 0 0 0 0 0 0 0 0 0 0 0 0 0 0 0 0 0 0 0 0 0 0 0 0 0 0 0 0 0 0 0 0 0 0 0 0 0 0 0 0 0 0 0 0 0 0 0 0 0
0 0 0 0 0 0 0 0 0 0 0 0 0 0 0 0.90476 0.90476 0.90476 0.90476 0.90476 0.90476 0.90476 0.90476 0.90476 0.90476 0.90476 0.90476 0.90476 0.90476 0.90476 0.90476 0.90476 0.90476 0.90476 0.90476 0.90476 0.90476 0.90476 0.90476 0.90476 0.90476 0.90476 0.90476 0.90476 0.90476 0 0 0 0 0 0 0 0 0 0 0 0 0 0 0 0 0 0 0 0 0 0 0 0 0 0 0 0 0 0 0 0 0 0 0 0 0 0 0 0 0 0 0 0 0 0 0 0 0 0 0 0 0 0 0 0 0 0 0 0 0 0 0 0 0 0 0 0 0 0 0 0 0 0 0 0 0 0 0 0 0 0 0 0 0 0 0 0 0 0 0 0 0 0 0 0 0 0 0 0 0 0 0 0 0 0 0 0 0 0
0 0 0 0 0 0 0 0 0 0 0 0 0 0 0 0.90476 0.90476 0.90476 0.90476 0.90476 0.90476 0.90476 0.90476 0.90476 0.90476 0.90476 0.90476 0.90476 0.90476 0.90476 0.90476 0.90476 0.90476 0.90476 0.90476 0.90476 0.90476 0.90476 0.90476 0.90476 0.90476 0.90476 0.90476 0.90476 0.90476 0 0 0 0 0 0 0 0 0 0 0 0 0 0 0 0 0 0 0 0 0 0 0 0 0 0 0 0 0 0 0 0 0 0 0 0 0 0 0 0 0 0 0 0 0 0 0 0 0 0 0 0 0 0 0 0 0 0 0 0 0 0 0 0 0 0 0 0 0 0 0 0 0 0 0 0 0 0 0 0 0 0 0 0 0 0 0 0 0 0 0 0 0 0 0 0 0 0 0 0 0 0 0 0 0 0 0 0 0 0
0 0 0 0 0 0 0 0 0 0 0 0 0 0 0 0.90476 0.90476 0.90476 0.90476 0.90476 0.90476 0.90476 0.90476 0.90476 0.90476 0.90476 0.90476 0.90476 0.90476 0.90476 0.90476 0.90476 0.90476 0.90476 0.90476 0.90476 0.90476 0.90476 0.90476 0.90476 0.90476 0.90476 0.90476 0.90476 0.90476 0 0 0 0 0 0 0 0 0 0 0 0 0 0 0 0 0 0 0 0 0 0 0 0 0 0 0 0 0 0 0 0 0 0 0 0 0 0 0 0 0 0 0 0 0 0 0 0 0 0 0 0 0 0 0 0 0 0 0 0 0 0 0 0 0 0 0 0 0 0 0 0 0 0 0 0 0 0 0 0 0 0 0 0 0 0 0 0 0 0 0 0 0 0 0 0 0 0 0 0 0 0 0 0 0 0 0 0 0 0
0 0 0 0 0 0 0 0 0 0 0 0 0 0 0 0.90476 0.90476 0.90476 0.90476 0.90476 0.90476 0.90476 0.90476 0.90476 0.90476 0.90476 0.90476 0.90476 0.90476 0.90476 0.90476 0.90476 0.90476 0.90476 0.90476 0.90476 0.90476 0.90476 0.90476 0.90476 0.90476 0.90476 0.90476 0.90476 0.90476 0 0 0 0 0 0 0 0 0 0 0 0 0 0 0 0 0 0 0 0 0 0 0 0 0 0 0 0 0 0 0 0 0 0 0 0 0 0 0 0 0 0 0 0 0 0 0 0 0 0 0 0 0 0 0 0 0 0 0 0 0 0 0 0 0 0 0 0 0 0 0 0 0 0 0 0 0 0 0 0 0 0 0 0 0 0 0 0 0 0 0 0 0 0 0 0 0 0 0 0 0 0 0 0 0 0 0 0 0 0
0 0 0 0 0 0 0 0 0 0 0 0 0 0 0 0.90476 0.90476 0.90476 0.90476 0.90476 0.90476 0.90476 0.90476 0.90476 0.90476 0.90476 0.90476 0.90476 0.90476 0.90476 0.90476 0.90476 0.90476 0.90476 0.90476 0.90476 0.90476 0.90476 0.90476 0.90476 0.90476 0.90476 0.90476 0.90476 0.90476 0 0 0 0 0 0 0 0 0 0 0 0 0 0 0 0 0 0 0 0 0 0 0 0 0 0 0 0 0 0 0 0 0 0 0 0 0 0 0 0 0 0 0 0 0 0 0 0 0 0 0 0 0 0 0 0 0 0 0 0 0 0 0 0 0 0 0 0 0 0 0 0 0 0 0 0 0 0 0 0 0 0 0 0 0 0 0 0 0 0 0 0 0 0 0 0 0 0 0 0 0 0 0 0 0 0 0 0 0 0
0 0 0 0 0 0 0 0 0 0 0 0 0 0 0 0.90476 0.90476 0.90476 0.90476 0.90476 0.90476 0.90476 0.90476 0.90476 0.90476 0.90476 0.90476 0.90476 0.90476 0.90476 0.90476 0.90476 0.90476 0.90476 0.90476 0.90476 0.90476 0.90476 0.90476 0.90476 0.90476 0.90476 0.90476 0.90476 0.90476 0 0 0 0 0 0 0 0 0 0 0 0 0 0 0 0 0 0 0 0 0 0 0 0 0 0 0 0 0 0 0 0 0 0 0 0 0 0 0 0 0 0 0 0 0 0 0 0 0 0 0 0 0 0 0 0 0 0 0 0 0 0 0 0 0 0 0 0 0 0 0 0 0 0 0 0 0 0 0 0 0 0 0 0 0 0 0 0 0 0 0 0 0 0 0 0 0 0 0 0 0 0 0 0 0 0 0 0 0 0
0 0 0 0 0 0 0 0 0 0 0 0 0 0 0 0.90476 0.90476 0.90476 0.90476 0.90476 0.90476 0.90476 0.90476 0.90476 0.90476 0.90476 0.90476 0.90476 0.90476 0.90476 0.90476 0.90476 0.90476 0.90476 0.90476 0.90476 0.90476 0.90476 0.90476 0.90476 0.90476 0.90476 0.90476 0.90476 0.90476 0 0 0 0 0 0 0 0 0 0 0 0 0 0 0 0 0 0 0 0 0 0 0 0 0 0 0 0 0 0 0 0 0 0 0 0 0 0 0 0 0 0 0 0 0 0 0 0 0 0 0 0 0 0 0 0 0 0 0 0 0 0 0 0 0 0 0 0 0 0 0 0 0 0 0 0 0 0 0 0 0 0 0 0 0 0 0 0 0 0 0 0 0 0 0 0 0 0 0 0 0 0 0 0 0 0 0 0 0 0
0 0 0 0 0 0 0 0 0 0 0 0 0 0 0 0.90476 0.90476 0.90476 0.90476 0.90476 0.90476 0.90476 0.90476 0.90476 0.90476 0.90476 0.90476 0.90476 0.90476 0.90476 0.90476 0.90476 0.90476 0.90476 0.90476 0.90476 0.90476 0.90476 0.90476 0.90476 0.90476 0.90476 0.90476 0.90476 0.90476 0 0 0 0 0 0 0 0 0 0 0 0 0 0 0 0 0 0 0 0 0 0 0 0 0 0 0 0 0 0 0 0 0 0 0 0 0 0 0 0 0 0 0 0 0 0 0 0 0 0 0 0 0 0 0 0 0 0 0 0 0 0 0 0 0 0 0 0 0 0 0 0 0 0 0 0 0 0 0 0 0 0 0 0 0 0 0 0 0 0 0 0 0 0 0 0 0 0 0 0 0 0 0 0 0 0 0 0 0 0
0 0 0 0 0 0 0 0 0 0 0 0 0 0 0 0.90476 0.90476 0.90476 0.90476 0.90476 0.90476 0.90476 0.90476 0.90476 0.90476 0.90476 0.90476 0.90476 0.90476 0.90476 0.90476 0.90476 0.90476 0.90476 0.90476 0.90476 0.90476 0.90476 0.90476 0.90476 0.90476 0.90476 0.90476 0.90476 0.90476 0 0 0 0 0 0 0 0 0 0 0 0 0 0 0 0 0 0 0 0 0 0 0 0 0 0 0 0 0 0 0 0 0 0 0 0 0 0 0 0 0 0 0 0 0 0 0 0 0 0 0 0 0 0 0 0 0 0 0 0 0 0 0 0 0 0 0 0 0 0 0 0 0 0 0 0 0 0 0 0 0 0 0 0 0 0 0 0 0 0 0 0 0 0 0 0 0 0 0 0 0 0 0 0 0 0 0 0 0 0
0 0 0 0 0 0 0 0 0 0 0 0 0 0 0 0.90476 0.90476 0.90476 0.90476 0.90476 0.90476 0.90476 0.90476 0.90476 0.90476 0.90476 0.90476 0.90476 0.90476 0.90476 0.90476 0.90476 0.90476 0.90476 0.90476 0.90476 0.90476 0.90476 0.90476 0.90476 0.90476 0.90476 0.90476 0.90476 0.90476 0 0 0 0 0 0 0 0 0 0 0 0 0 0 0 0 0 0 0 0 0 0 0 0 0 0 0 0 0 0 0 0 0 0 0 0 0 0 0 0 0 0 0 0 0 0 0 0 0 0 0 0 0 0 0 0 0 0 0 0 0 0 0 0 0 0 0 0 0 0 0 0 0 0 0 0 0 0 0 0 0 0 0 0 0 0 0 0 0 0 0 0 0 0 0 0 0 0 0 0 0 0 0 0 0 0 0 0 0 0
0 0 0 0 0 0 0 0 0 0 0 0 0 0 0 0.90476 0.90476 0.90476 0.90476 0.90476 0.90476 0.90476 0.90476 0.90476 0.90476 0.90476 0.90476 0.90476 0.90476 0.90476 0.90476 0.90476 0.90476 0.90476 0.90476 0.90476 0.90476 0.90476 0.90476 0.90476 0.90476 0.90476 0.90476 0.90476 0.90476 0 0 0 0 0 0 0 0 0 0 0 0 0 0 0 0 0 0 0 0 0 0 0 0 0 0 0 0 0 0 0 0 0 0 0 0 0 0 0 0 0 0 0 0 0 0 0 0 0 0 0 0 0 0 0 0 0 0 0 0 0 0 0 0 0 0 0 0 0 0 0 0 0 0 0 0 0 0 0 0 0 0 0 0 0 0 0 0 0 0 0 0 0 0 0 0 0 0 0 0 0 0 0 0 0 0 0 0 0 0
0 0 0 0 0 0 0 0 0 0 0 0 0 0 0 0.90476 0.90476 0.90476 0.90476 0.90476 0.90476 0.90476 0.90476 0.90476 0.90476 0.90476 0.90476 0.90476 0.90476 0.90476 0.90476 0.90476 0.90476 0.90476 0.90476 0.90476 0.90476 0.90476 0.90476 0.90476 0.90476 0.90476 0.90476 0.90476 0.90476 0 0 0 0 0 0 0 0 0 0 0 0 0 0 0 0 0 0 0 0 0 0 0 0 0 0 0 0 0 0 0 0 0 0 0 0 0 0 0 0 0 0 0 0 0 0 0 0 0 0 0 0 0 0 0 0 0 0 0 0 0 0 0 0 0 0 0 0 0 0 0 0 0 0 0 0 0 0 0 0 0 0 0 0 0 0 0 0 0 0 0 0 0 0 0 0 0 0 0 0 0 0 0 0 0 0 0 0 0 0
0 0 0 0 0 0 0 0 0 0 0 0 0 0 0 0.90476 0.90476 0.90476 0.90476 0.90476 0.90476 0.90476 0.90476 0.90476 0.90476 0.90476 0.90476 0.90476 0.90476 0.90476 0.90476 0.90476 0.90476 0.90476 0.90476 0.90476 0.90476 0.90476 0.90476 0.90476 0.90476 0.90476 0.90476 0.90476 0.90476 0 0 0 0 0 0 0 0 0 0 0 0 0 0 0 0 0 0 0 0 0 0 0 0 0 0 0 0 0 0 0 0 0 0 0 0 0 0 0 0 0 0 0 0 0 0 0 0 0 0 0 0 0 0 0 0 0 0 0 0 0 0 0 0 0 0 0 0 0 0 0 0 0 0 0 0 0 0 0 0 0 0 0 0 0 0 0 0 0 0 0 0 0 0 0 0 0 0 0 0 0 0 0 0 0 0 0 0 0 0
0 0 0 0 0 0 0 0 0 0 0 0 0 0 0 0.90476 0.90476 0.90476 0.90476 0.90476 0.90476 0.90476 0.90476 0.90476 0.90476 0.90476 0.90476 0.90476 0.90476 0.90476 0.90476 0.90476 0.90476 0.90476 0.90476 0.90476 0.90476 0.90476 0.90476 0.90476 0.90476 0.90476 0.90476 0.90476 0.90476 0 0 0 0 0 0 0 0 0 0 0 0 0 0 0 0 0 0 0 0 0 0 0 0 0 0 0 0 0 0 0 0 0 0 0 0 0 0 0 0 0 0 0 0 0 0 0 0 0 0 0 0 0 0 0 0 0 0 0 0 0 0 0 0 0 0 0 0 0 0 0 0 0 0 0 0 0 0 0 0 0 0 0 0 0 0 0 0 0 0 0 0 0 0 0 0 0 0 0 0 0 0 0 0 0 0 0 0 0 0
0 0 0 0 0 0 0 0 0 0 0 0 0 0 0 0.90476 0.90476 0.90476 0.90476 0.90476 0.90476 0.90476 0.90476 0.90476 0.90476 0.90476 0.90476 0.90476 0.90476 0.90476 0.90476 0.90476 0.90476 0.90476 0.90476 0.90476 0.90476 0.90476 0.90476 0.90476 0.90476 0.90476 0.90476 0.90476 0.90476 0 0 0 0 0 0 0 0 0 0 0 0 0 0 0 0 0 0 0 0 0 0 0 0 0 0 0 0 0 0 0 0 0 0 0 0 0 0 0 0 0 0 0 0 0 0 0 0 0 0 0 0 0 0 0 0 0 0 0 0 0 0 0 0 0 0 0 0 0 0 0 0 0 0 0 0 0 0 0 0 0 0 0 0 0 0 0 0 0 0 0 0 0 0 0 0 0 0 0 0 0 0 0 0 0 0 0 0 0 0
0 0 0 0 0 0 0 0 0 0 0 0 0 0 0 0.90476 0.90476 0.90476 0.90476 0.90476 0.90476 0.90476 0.90476 0.90476 0.90476 0.90476 0.90476 0.90476 0.90476 0.90476 0.90476 0.90476 0.90476 0.90476 0.90476 0.90476 0.90476 0.90476 0.90476 0.90476 0.90476 0.90476 0.90476 0.90476 0.90476 0 0 0 0 0 0 0 0 0 0 0 0 0 0 0 0 0 0 0 0 0 0 0 0 0 0 0 0 0 0 0 0 0 0 0 0 0 0 0 0 0 0 0 0 0 0 0 0 0 0 0 0 0 0 0 0 0 0 0 0 0 0 0 0 0 0 0 0 0 0 0 0 0 0 0 0 0 0 0 0 0 0 0 0 0 0 0 0 0 0 0 0 0 0 0 0 0 0 0 0 0 0 0 0 0 0 0 0 0 0
0 0 0 0 0 0 0 0 0 0 0 0 0 0 0 0.90476 0.90476 0.90476 0.90476 0.90476 0.90476 0.90476 0.90476 0.90476 0.90476 0.90476 0.90476 0.90476 0.90476 0.90476 0.90476 0.90476 0.90476 0.90476 0.90476 0.90476 0.90476 0.90476 0.90476 0.90476 0.90476 0.90476 0.90476 0.90476 0.90476 0 0 0 0 0 0 0 0 0 0 0 0 0 0 0 0 0 0 0 0 0 0 0 0 0 0 0 0 0 0 0 0 0 0 0 0 0 0 0 0 0 0 0 0 0 0 0 0 0 0 0 0 0 0 0 0 0 0 0 0 0 0 0 0 0 0 0 0 0 0 0 0 0 0 0 0 0 0 0 0 0 0 0 0 0 0 0 0 0 0 0 0 0 0 0 0 0 0 0 0 0 0 0 0 0 0 0 0 0 0
0 0 0 0 0 0 0 0 0 0 0 0 0 0 0 0.90476 0.90476 0.90476 0.90476 0.90476 0.90476 0.90476 0.90476 0.90476 0.90476 0.90476 0.90476 0.90476 0.90476 0.90476 0.90476 0.90476 0.90476 0.90476 0.90476 0.90476 0.90476 0.90476 0.90476 0.90476 0.90476 0.90476 0.90476 0.90476 0.90476 0 0 0 0 0 0 0 0 0 0 0 0 0 0 0 0 0 0 0 0 0 0 0 0 0 0 0 0 0 0 0 0 0 0 0 0 0 0 0 0 0 0 0 0 0 0 0 0 0 0 0 0 0 0 0 0 0 0 0 0 0 0 0 0 0 0 0 0 0 0 0 0 0 0 0 0 0 0 0 0 0 0 0 0 0 0 0 0 0 0 0 0 0 0 0 0 0 0 0 0 0 0 0 0 0 0 0 0 0 0
0 0 0 0 0 0 0 0 0 0 0 0 0 0 0 0.90476 0.90476 0.90476 0.90476 0.90476 0.90476 0.90476 0.90476 0.90476 0.90476 0.90476 0.90476 0.90476 0.90476 0.90476 0.90476 0.90476 0.90476 0.90476 0.90476 0.90476 0.90476 0.90476 0.90476 0.90476 0.90476 0.90476 0.90476 0.90476 0.90476 0 0 0 0 0 0 0 0 0 0 0 0 0 0 0 0 0 0 0 0 0 0 0 0 0 0 0 0 0 0 0 0 0 0 0 0 0 0 0 0 0 0 0 0 0 0 0 0 0 0 0 0 0 0 0 0 0 0 0 0 0 0 0 0 0 0 0 0 0 0 0 0 0 0 0 0 0 0 0 0 0 0 0 0 0 0 0 0 0 0 0 0 0 0 0 0 0 0 0 0 0 0 0 0 0 0 0 0 0 0
0 0 0 0 0 0 0 0 0 0 0 0 0 0 0 0.90476 0.90476 0.90476 0.90476 0.90476 0.90476 0.90476 0.90476 0.90476 0.90476 0.90476 0.90476 0.90476 0.90476 0.90476 0.90476 0.90476 0.90476 0.90476 0.90476 0.90476 0.90476 0.90476 0.90476 0.90476 0.90476 0.90476 0.90476 0.90476 0.90476 0 0 0 0 0 0 0 0 0 0 0 0 0 0 0 0 0 0 0 0 0 0 0 0 0 0 0 0 0 0 0 0 0 0 0 0 0 0 0 0 0 0 0 0 0 0 0 0 0 0 0 0 0 0 0 0 0 0 0 0 0 0 0 0 0 0 0 0 0 0 0 0 0 0 0 0 0 0 0 0 0 0 0 0 0 0 0 0 0 0 0 0 0 0 0 0 0 0 0 0 0 0 0 0 0 0 0 0 0 0
0 0 0 0 0 0 0 0 0 0 0 0 0 0 0 0.90476 0.90476 0.90476 0.90476 0.90476 0.90476 0.90476 0.90476 0.90476 0.90476 0.90476 0.90476 0.90476 0.90476 0.90476 0.90476 0.90476 0.90476 0.90476 0.90476 0.90476 0.90476 0.90476 0.90476 0.90476 0.90476 0.90476 0.90476 0.90476 0.90476 0 0 0 0 0 0 0 0 0 0 0 0 0 0 0 0 0 0 0 0 0 0 0 0 0 0 0 0 0 0 0 0 0 0 0 0 0 0 0 0 0 0 0 0 0 0 0 0 0 0 0 0 0 0 0 0 0 0 0 0 0 0 0 0 0 0 0 0 0 0 0 0 0 0 0 0 0 0 0 0 0 0 0 0 0 0 0 0 0 0 0 0 0 0 0 0 0 0 0 0 0 0 0 0 0 0 0 0 0 0
0 0 0 0 0 0 0 0 0 0 0 0 0 0 0 0.90476 0.90476 0.90476 0.90476 0.90476 0.90476 0.90476 0.90476 0.90476 0.90476 0.90476 0.90476 0.90476 0.90476 0.90476 0.90476 0.90476 0.90476 0.90476 0.90476 0.90476 0.90476 0.90476 0.90476 0.90476 0.90476 0.90476 0.90476 0.90476 0.90476 0 0 0 0 0 0 0 0 0 0 0 0 0 0 0 0 0 0 0 0 0 0 0 0 0 0 0 0 0 0 0 0 0 0 0 0 0 0 0 0 0 0 0 0 0 0 0 0 0 0 0 0 0 0 0 0 0 0 0 0 0 0 0 0 0 0 0 0 0 0 0 0 0 0 0 0 0 0 0 0 0 0 0 0 0 0 0 0 0 0 0 0 0 0 0 0 0 0 0 0 0 0 0 0 0 0 0 0 0 0
0 0 0 0 0 0 0 0 0 0 0 0 0 0 0 0.90476 0.90476 0.90476 0.90476 0.90476 0.90476 0.90476 0.90476 0.90476 0.90476 0.90476 0.90476 0.90476 0.90476 0.90476 0.90476 0.90476 0.90476 0.90476 0.90476 0.90476 0.90476 0.90476 0.90476 0.90476 0.90476 0.90476 0.90476 0.90476 0.90476 0 0 0 0 0 0 0 0 0 0 0 0 0 0 0 0 0 0 0 0 0 0 0 0 0 0 0 0 0 0 0 0 0 0 0 0 0 0 0 0 0 0 0 0 0 0 0 0 0 0 0 0 0 0 0 0 0 0 0 0 0 0 0 0 0 0 0 0 0 0 0 0 0 0 0 0 0 0 0 0 0 0 0 0 0 0 0 0 0 0 0 0 0 0 0 0 0 0 0 0 0 0 0 0 0 0 0 0 0 0
0 0 0 0 0 0 0 0 0 0 0 0 0 0 0 0.90476 0.90476 0.90476 0.90476 0.90476 0.90476 0.90476 0.90476 0.90476 0.90476 0.90476 0.90476 0.90476 0.90476 0.90476 0.90476 0.90476 0.90476 0.90476 0.90476 0.90476 0.90476 0.90476 0.90476 0.90476 0.90476 0.90476 0.90476 0.90476 0.90476 0 0 0 0 0 0 0 0 0 0 0 0 0 0 0 0 0 0 0 0 0 0 0 0 0 0 0 0 0 0 0 0 0 0 0 0 0 0 0 0 0 0 0 0 0 0 0 0 0 0 0 0 0 0 0 0 0 0 0 0 0 0 0 0 0 0 0 0 0 0 0 0 0 0 0 0 0 0 0 0 0 0 0 0 0 0 0 0 0 0 0 0 0 0 0 0 0 0 0 0 0 0 0 0 0 0 0 0 0 0
0 0 0 0 0 0 0 0 0 0 0 0 0 0 0 0.90476 0.90476 0.90476 0.90476 0.90476 0.90476 0.90476 0.90476 0.90476 0.90476 0.90476 0.90476 0.90476 0.90476 0.90476 0.90476 0.90476 0.90476 0.90476 0.90476 0.90476 0.90476 0.90476 0.90476 0.90476 0.90476 0.90476 0.90476 0.90476 0.90476 0 0 0 0 0 0 0 0 0 0 0 0 0 0 0 0 0 0 0 0 0 0 0 0 0 0 0 0 0 0 0 0 0 0 0 0 0 0 0 0 0 0 0 0 0 0 0 0 0 0 0 0 0 0 0 0 0 0 0 0 0 0 0 0 0 0 0 0 0 0 0 0 0 0 0 0 0 0 0 0 0 0 0 0 0 0 0 0 0 0 0 0 0 0 0 0 0 0 0 0 0 0 0 0 0 0 0 0 0 0
0 0 0 0 0 0 0 0 0 0 0 0 0 0 0 0.90476 0.90476 0.90476 0.90476 0.90476 0.90476 0.90476 0.90476 0.90476 0.90476 0.90476 0.90476 0.90476 0.90476 0.90476 0.90476 0.90476 0.90476 0.90476 0.90476 0.90476 0.90476 0.90476 0.90476 0.90476 0.90476 0.90476 0.90476 0.90476 0.90476 0 0 0 0 0 0 0 0 0 0 0 0 0 0 0 0 0 0 0 0 0 0 0 0 0 0 0 0 0 0 0 0 0 0 0 0 0 0 0 0 0 0 0 0 0 0 0 0 0 0 0 0 0 0 0 0 0 0 0 0 0 0 0 0 0 0 0 0 0 0 0 0 0 0 0 0 0 0 0 0 0 0 0 0 0 0 0 0 0 0 0 0 0 0 0 0 0 0 0 0 0 0 0 0 0 0 0 0 0 0
0 0 0 0 0 0 0 0 0 0 0 0 0 0 0 0.90476 0.90476 0.90476 0.90476 0.90476 0.90476 0.90476 0.90476 0.90476 0.90476 0.90476 0.90476 0.90476 0.90476 0.90476 0.90476 0.90476 0.90476 0.90476 0.90476 0.90476 0.90476 0.90476 0.90476 0.90476 0.90476 0.90476 0.90476 0.90476 0.90476 0 0 0 0 0 0 0 0 0 0 0 0 0 0 0 0 0 0 0 0 0 0 0 0 0 0 0 0 0 0 0 0 0 0 0 0 0 0 0 0 0 0 0 0 0 0 0 0 0 0 0 0 0 0 0 0 0 0 0 0 0 0 0 0 0 0 0 0 0 0 0 0 0 0 0 0 0 0 0 0 0 0 0 0 0 0 0 0 0 0 0 0 0 0 0 0 0 0 0 0 0 0 0 0 0 0 0 0 0 0
0 0 0 0 0 0 0 0 0 0 0 0 0 0 0 0.90476 0.90476 0.90476 0.90476 0.90476 0.90476 0.90476 0.90476 0.90476 0.90476 0.90476 0.90476 0.90476 0.90476 0.90476 0.90476 0.90476 0.90476 0.90476 0.90476 0.90476 0.90476 0.90476 0.90476 0.90476 0.90476 0.90476 0.90476 0.90476 0.90476 0 0 0 0 0 0 0 0 0 0 0 0 0 0 0 0 0 0 0 0 0 0 0 0 0 0 0 0 0 0 0 0 0 0 0 0 0 0 0 0 0 0 0 0 0 0 0 0 0 0 0 0 0 0 0 0 0 0 0 0 0 0 0 0 0 0 0 0 0 0 0 0 0 0 0 0 0 0 0 0 0 0 0 0 0 0 0 0 0 0 0 0 0 0 0 0 0 0 0 0 0 0 0 0 0 0 0 0 0 0
0 0 0 0 0 0 0 0 0 0 0 0 0 0 0 0.90476 0.90476 0.90476 0.90476 0.90476 0.90476 0.90476 0.90476 0.90476 0.90476 0.90476 0.90476 0.90476 0.90476 0.90476 0.90476 0.90476 0.90476 0.90476 0.90476 0.90476 0.90476 0.90476 0.90476 0.90476 0.90476 0.90476 0.90476 0.90476 0.90476 0 0 0 0 0 0 0 0 0 0 0 0 0 0 0 0 0 0 0 0 0 0 0 0 0 0 0 0 0 0 0 0 0 0 0 0 0 0 0 0 0 0 0 0 0 0 0 0 0 0 0 0 0 0 0 0 0 0 0 0 0 0 0 0 0 0 0 0 0 0 0 0 0 0 0 0 0 0 0 0 0 0 0 0 0 0 0 0 0 0 0 0 0 0 0 0 0 0 0 0 0 0 0 0 0 0 0 0 0 0
0 0 0 0 0 0 0 0 0 0 0 0 0 0 0 0.90476 0.90476 0.90476 0.90476 0.90476 0.90476 0.90476 0.90476 0.90476 0.90476 0.90476 0.90476 0.90476 0.90476 0.90476 0.90476 0.90476 0.90476 0.90476 0.90476 0.90476 0.90476 0.90476 0.90476 0.90476 0.90476 0.90476 0.90476 0.90476 0.90476 0 0 0 0 0 0 0 0 0 0 0 0 0 0 0 0 0 0 0 0 0 0 0 0 0 0 0 0 0 0 0 0 0 0 0 0 0 0 0 0 0 0 0 0 0 0 0 0 0 0 0 0 0 0 0 0 0 0 0 0 0 0 0 0 0 0 0 0 0 0 0 0 0 0 0 0 0 0 0 0 0 0 0 0 0 0 0 0 0 0 0 0 0 0 0 0 0 0 0 0 0 0 0 0 0 0 0 0 0 0
0 0 0 0 0 0 0 0 0 0 0 0 0 0 0 0.90476 0.90476 0.90476 0.90476 0.90476 0.90476 0.90476 0.90476 0.90476 0.90476 0.90476 0.90476 0.90476 0.90476 0.90476 0.90476 0.90476 0.90476 0.90476 0.90476 0.90476 0.90476 0.90476 0.90476 0.90476 0.90476 0.90476 0.90476 0.90476 0.90476 0 0 0 0 0 0 0 0 0 0 0 0 0 0 0 0 0 0 0 0 0 0 0 0 0 0 0 0 0 0 0 0 0 0 0 0 0 0 0 0 0 0 0 0 0 0 0 0 0 0 0 0 0 0 0 0 0 0 0 0 0 0 0 0 0 0 0 0 0 0 0 0 0 0 0 0 0 0 0 0 0 0 0 0 0 0 0 0 0 0 0 0 0 0 0 0 0 0 0 0 0 0 0 0 0 0 0 0 0 0
0 0 0 0 0 0 0 0 0 0 0 0 0 0 0 0.90476 0.90476 0.90476 0.90476 0.90476 0.90476 0.90476 0.90476 0.90476 0.90476 0.90476 0.90476 0.90476 0.90476 0.90476 0.90476 0.90476 0.90476 0.90476 0.90476 0.90476 0.90476 0.90476 0.90476 0.90476 0.90476 0.90476 0.90476 0.90476 0.90476 0 0 0 0 0 0 0 0 0 0 0 0 0 0 0 0 0 0 0 0 0 0 0 0 0 0 0 0 0 0 0 0 0 0 0 0 0 0 0 0 0 0 0 0 0 0 0 0 0 0 0 0 0 0 0 0 0 0 0 0 0 0 0 0 0 0 0 0 0 0 0 0 0 0 0 0 0 0 0 0 0 0 0 0 0 0 0 0 0 0 0 0 0 0 0 0 0 0 0 0 0 0 0 0 0 0 0 0 0 0
0 0 0 0 0 0 0 0 0 0 0 0 0 0 0 0.90476 0.90476 0.90476 0.90476 0.90476 0.90476 0.90476 0.90476 0.90476 0.90476 0.90476 0.90476 0.90476 0.90476 0.90476 0.90476 0.90476 0.90476 0.90476 0.90476 0.90476 0.90476 0.90476 0.90476 0.90476 0.90476 0.90476 0.90476 0.90476 0.90476 0 0 0 0 0 0 0 0 0 0 0 0 0 0 0 0 0 0 0 0 0 0 0 0 0 0 0 0 0 0 0 0 0 0 0 0 0 0 0 0 0 0 0 0 0 0 0 0 0 0 0 0 0 0 0 0 0 0 0 0 0 0 0 0 0 0 0 0 0 0 0 0 0 0 0 0 0 0 0 0 0 0 0 0 0 0 0 0 0 0 0 0 0 0 0 0 0 0 0 0 0 0 0 0 0 0 0 0 0 0
0 0 0 0 0 0 0 0 0 0 0 0 0 0 0 0.90476 0.90476 0.90476 0.90476 0.90476 0.90476 0.90476 0.90476 0.90476 0.90476 0.90476 0.90476 0.90476 0.90476 0.90476 0.90476 0.90476 0.90476 0.90476 0.90476 0.90476 0.90476 0.90476 0.90476 0.90476 0.90476 0.90476 0.90476 0.90476 0.90476 0 0 0 0 0 0 0 0 0 0 0 0 0 0 0 0 0 0 0 0 0 0 0 0 0 0 0 0 0 0 0 0 0 0 0 0 0 0 0 0 0 0 0 0 0 0 0 0 0 0 0 0 0 0 0 0 0 0 0 0 0 0 0 0 0 0 0 0 0 0 0 0 0 0 0 0 0 0 0 0 0 0 0 0 0 0 0 0 0 0 0 0 0 0 0 0 0 0 0 0 0 0 0 0 0 0 0 0 0 0
0 0 0 0 0 0 0 0 0 0 0 0 0 0 0 0.90476 0.90476 0.90476 0.90476 0.90476 0.90476 0.90476 0.90476 0.90476 0.90476 0.90476 0.90476 0.90476 0.90476 0.90476 0.90476 0.90476 0.90476 0.90476 0.90476 0.90476 0.90476 0.90476 0.90476 0.90476 0.90476 0.90476 0.90476 0.90476 0.90476 0 0 0 0 0 0 0 0 0 0 0 0 0 0 0 0 0 0 0 0 0 0 0 0 0 0 0 0 0 0 0 0 0 0 0 0 0 0 0 0 0 0 0 0 0 0 0 0 0 0 0 0 0 0 0 0 0 0 0 0 0 0 0 0 0 0 0 0 0 0 0 0 0 0 0 0 0 0 0 0 0 0 0 0 0 0 0 0 0 0 0 0 0 0 0 0 0 0 0 0 0 0 0 0 0 0 0 0 0 0
0 0 0 0 0 0 0 0 0 0 0 0 0 0 0 0.90476 0.90476 0.90476 0.90476 0.90476 0.90476 0.90476 0.90476 0.90476 0.90476 0.90476 0.90476 0.90476 0.90476 0.90476 0.90476 0.90476 0.90476 0.90476 0.90476 0.90476 0.90476 0.90476 0.90476 0.90476 0.90476 0.90476 0.90476 0.90476 0.90476 0 0 0 0 0 0 0 0 0 0 0 0 0 0 0 0 0 0 0 0 0 0 0 0 0 0 0 0 0 0 0 0 0 0 0 0 0 0 0 0 0 0 0 0 0 0 0 0 0 0 0 0 0 0 0 0 0 0 0 0 0 0 0 0 0 0 0 0 0 0 0 0 0 0 0 0 0 0 0 0 0 0 0 0 0 0 0 0 0 0 0 0 0 0 0 0 0 0 0 0 0 0 0 0 0 0 0 0 0 0
0 0 0 0 0 0 0 0 0 0 0 0 0 0 0 0.90476 0.90476 0.90476 0.90476 0.90476 0.90476 0.90476 0.90476 0.90476 0.90476 0.90476 0.90476 0.90476 0.90476 0.90476 0.90476 0.90476 0.90476 0.90476 0.90476 0.90476 0.90476 0.90476 0.90476 0.90476 0.90476 0.90476 0.90476 0.90476 0.90476 0 0 0 0 0 0 0 0 0 0 0 0 0 0 0 0 0 0 0 0 0 0 0 0 0 0 0 0 0 0 0 0 0 0 0 0 0 0 0 0 0 0 0 0 0 0 0 0 0 0 0 0 0 0 0 0 0 0 0 0 0 0 0 0 0 0 0 0 0 0 0 0 0 0 0 0 0 0 0 0 0 0 0 0 0 0 0 0 0 0 0 0 0 0 0 0 0 0 0 0 0 0 0 0 0 0 0 0 0 0
0 0 0 0 0 0 0 0 0 0 0 0 0 0 0 0.90476 0.90476 0.90476 0.90476 0.90476 0.90476 0.90476 0.90476 0.90476 0.90476 0.90476 0.90476 0.90476 0.90476 0.90476 0.90476 0.90476 0.90476 0.90476 0.90476 0.90476 0.90476 0.90476 0.90476 0.90476 0.90476 0.90476 0.90476 0.90476 0.90476 0 0 0 0 0 0 0 0 0 0 0 0 0 0 0 0 0 0 0 0 0 0 0 0 0 0 0 0 0 0 0 0 0 0 0 0 0 0 0 0 0 0 0 0 0 0 0 0 0 0 0 0 0 0 0 0 0 0 0 0 0 0 0 0 0 0 0 0 0 0 0 0 0 0 0 0 0 0 0 0 0 0 0 0 0 0 0 0 0 0 0 0 0 0 0 0 0 0 0 0 0 0 0 0 0 0 0 0 0 0
