0 0 0 0 0 0 0 0 0 0 0 0 0 0 0 0 0 0 0 0 26 26 26 26 26 4.1905 4.1905 4.1905 4.1905 4.1905 4.1905 4.1905 4.1905 4.1905 4.1905 4.1905 4.1905 4.1905 4.1905 4.1905 4.1905 4.1905 4.1905 4.1905 4.1905 4.1905 4.1905 4.1905 4.1905 4.1905 4.1905 4.1905 4.1905 4.1905 4.1905 0 0 0 0 0 0 0 0 0 0 0 0 0 0 0 0 0 0 0 0 0 0 0 0 0 0 0 0 0 0 0 0 0 0 0 0 0 0 0 0 0 0 0 0 0 0 0 0 0 0 0 0 0 0 0 0 0 0 0 0 0 0 0 0 0 0 0 0 0 0 0 0 0 0 0 0 0 0 0 0 0 0 0 0 0 0 0 0 0 0 0 0 0 0 0 0 0 0 0 0 0 0 0 0 0 0 0 0 0 0 0 0 0 0 0 0 0 0 0 0 0 0 0 0 0 0 0 0 0 0 0 0 0 0 0 0 0 0 0 0 0 0 0 0 0
0 0 0 0 0 0 0 0 0 0 0 0 0 0 0 0 0 0 0 0 26 26 26 26 26 4.1905 4.1905 4.1905 4.1905 4.1905 4.1905 4.1905 4.1905 4.1905 4.1905 4.1905 4.1905 4.1905 4.1905 4.1905 4.1905 4.1905 4.1905 4.1905 4.1905 4.1905 4.1905 4.1905 4.1905 4.1905 4.1905 4.1905 4.1905 4.1905 4.1905 0 0 0 0 0 0 0 0 0 0 0 0 0 0 0 0 0 0 0 0 0 0 0 0 0 0 0 0 0 0 0 0 0 0 0 0 0 0 0 0 0 0 0 0 0 0 0 0 0 0 0 0 0 0 0 0 0 0 0 0 0 0 0 0 0 0 0 0 0 0 0 0 0 0 0 0 0 0 0 0 0 0 0 0 0 0 0 0 0 0 0 0 0 0 0 0 0 0 0 0 0 0 0 0 0 0 0 0 0 0 0 0 0 0 0 0 0 0 0 0 0 0 0 0 0 0 0 0 0 0 0 0 0 0 0 0 0 0 0 0 0 0 0 0 0
0 0 0 0 0 0 0 0 0 0 0 0 0 0 0 0 0 0 0 0 26 26 26 26 26 4.1905 4.1905 4.1905 4.1905 4.1905 4.1905 4.1905 4.1905 4.1905 4.1905 4.1905 4.1905 4.1905 4.1905 4.1905 4.1905 4.1905 4.1905 4.1905 4.1905 4.1905 4.1905 4.1905 4.1905 4.1905 4.1905 4.1905 4.1905 4.1905 4.1905 0 0 0 0 0 0 0 0 0 0 0 0 0 0 0 0 0 0 0 0 0 0 0 0 0 0 0 0 0 0 0 0 0 0 0 0 0 0 0 0 0 0 0 0 0 0 0 0 0 0 0 0 0 0 0 0 0 0 0 0 0 0 0 0 0 0 0 0 0 0 0 0 0 0 0 0 0 0 0 0 0 0 0 0 0 0 0 0 0 0 0 0 0 0 0 0 0 0 0 0 0 0 0 0 0 0 0 0 0 0 0 0 0 0 0 0 0 0 0 0 0 0 0 0 0 0 0 0 0 0 0 0 0 0 0 0 0 0 0 0 0 0 0 0 0
0 0 0 0 0 0 0 0 0 0 0 0 0 0 0 0 0 0 0 0 26 26 26 26 26 4.1905 4.1905 4.1905 4.1905 4.1905 4.1905 4.1905 4.1905 4.1905 4.1905 4.1905 4.1905 4.1905 4.1905 4.1905 4.1905 4.1905 4.1905 4.1905 4.1905 4.1905 4.1905 4.1905 4.1905 4.1905 4.1905 4.1905 4.1905 4.1905 4.1905 0 0 0 0 0 0 0 0 0 0 0 0 0 0 0 0 0 0 0 0 0 0 0 0 0 0 0 0 0 0 0 0 0 0 0 0 0 0 0 0 0 0 0 0 0 0 0 0 0 0 0 0 0 0 0 0 0 0 0 0 0 0 0 0 0 0 0 0 0 0 0 0 0 0 0 0 0 0 0 0 0 0 0 0 0 0 0 0 0 0 0 0 0 0 0 0 0 0 0 0 0 0 0 0 0 0 0 0 0 0 0 0 0 0 0 0 0 0 0 0 0 0 0 0 0 0 0 0 0 0 0 0 0 0 0 0 0 0 0 0 0 0 0 0 0
0 0 0 0 0 0 0 0 0 0 0 0 0 0 0 0 0 0 0 0 26 26 26 26 26 4.1905 4.1905 4.1905 4.1905 4.1905 4.1905 4.1905 4.1905 4.1905 4.1905 4.1905 4.1905 4.1905 4.1905 4.1905 4.1905 4.1905 4.1905 4.1905 4.1905 4.1905 4.1905 4.1905 4.1905 4.1905 4.1905 4.1905 4.1905 4.1905 4.1905 0 0 0 0 0 0 0 0 0 0 0 0 0 0 0 0 0 0 0 0 0 0 0 0 0 0 0 0 0 0 0 0 0 0 0 0 0 0 0 0 0 0 0 0 0 0 0 0 0 0 0 0 0 0 0 0 0 0 0 0 0 0 0 0 0 0 0 0 0 0 0 0 0 0 0 0 0 0 0 0 0 0 0 0 0 0 0 0 0 0 0 0 0 0 0 0 0 0 0 0 0 0 0 0 0 0 0 0 0 0 0 0 0 0 0 0 0 0 0 0 0 0 0 0 0 0 0 0 0 0 0 0 0 0 0 0 0 0 0 0 0 0 0 0 0
0 0 0 0 0 0 0 0 0 0 0 0 0 0 0 0 0 0 0 0 26 26 26 26 26 4.1905 4.1905 4.1905 4.1905 4.1905 4.1905 4.1905 4.1905 4.1905 4.1905 4.1905 4.1905 4.1905 4.1905 4.1905 4.1905 4.1905 4.1905 4.1905 4.1905 4.1905 4.1905 4.1905 4.1905 4.1905 4.1905 4.1905 4.1905 4.1905 4.1905 0 0 0 0 0 0 0 0 0 0 0 0 0 0 0 0 0 0 0 0 0 0 0 0 0 0 0 0 0 0 0 0 0 0 0 0 0 0 0 0 0 0 0 0 0 0 0 0 0 0 0 0 0 0 0 0 0 0 0 0 0 0 0 0 0 0 0 0 0 0 0 0 0 0 0 0 0 0 0 0 0 0 0 0 0 0 0 0 0 0 0 0 0 0 0 0 0 0 0 0 0 0 0 0 0 0 0 0 0 0 0 0 0 0 0 0 0 0 0 0 0 0 0 0 0 0 0 0 0 0 0 0 0 0 0 0 0 0 0 0 0 0 0 0 0
0 0 0 0 0 0 0 0 0 0 0 0 0 0 0 0 0 0 0 0 26 26 26 26 26 4.1905 4.1905 4.1905 4.1905 4.1905 4.1905 4.1905 4.1905 4.1905 4.1905 4.1905 4.1905 4.1905 4.1905 4.1905 4.1905 4.1905 4.1905 4.1905 4.1905 4.1905 4.1905 4.1905 4.1905 4.1905 4.1905 4.1905 4.1905 4.1905 4.1905 0 0 0 0 0 0 0 0 0 0 0 0 0 0 0 0 0 0 0 0 0 0 0 0 0 0 0 0 0 0 0 0 0 0 0 0 0 0 0 0 0 0 0 0 0 0 0 0 0 0 0 0 0 0 0 0 0 0 0 0 0 0 0 0 0 0 0 0 0 0 0 0 0 0 0 0 0 0 0 0 0 0 0 0 0 0 0 0 0 0 0 0 0 0 0 0 0 0 0 0 0 0 0 0 0 0 0 0 0 0 0 0 0 0 0 0 0 0 0 0 0 0 0 0 0 0 0 0 0 0 0 0 0 0 0 0 0 0 0 0 0 0 0 0 0
0 0 0 0 0 0 0 0 0 0 0 0 0 0 0 0 0 0 0 0 26 26 26 26 26 4.1905 4.1905 4.1905 4.1905 4.1905 4.1905 4.1905 4.1905 4.1905 4.1905 4.1905 4.1905 4.1905 4.1905 4.1905 4.1905 4.1905 4.1905 4.1905 4.1905 4.1905 4.1905 4.1905 4.1905 4.1905 4.1905 4.1905 4.1905 4.1905 4.1905 0 0 0 0 0 0 0 0 0 0 0 0 0 0 0 0 0 0 0 0 0 0 0 0 0 0 0 0 0 0 0 0 0 0 0 0 0 0 0 0 0 0 0 0 0 0 0 0 0 0 0 0 0 0 0 0 0 0 0 0 0 0 0 0 0 0 0 0 0 0 0 0 0 0 0 0 0 0 0 0 0 0 0 0 0 0 0 0 0 0 0 0 0 0 0 0 0 0 0 0 0 0 0 0 0 0 0 0 0 0 0 0 0 0 0 0 0 0 0 0 0 0 0 0 0 0 0 0 0 0 0 0 0 0 0 0 0 0 0 0 0 0 0 0 0
0 0 0 0 0 0 0 0 0 0 0 0 0 0 0 0 0 0 0 0 26 26 26 26 26 4.1905 4.1905 4.1905 4.1905 4.1905 4.1905 4.1905 4.1905 4.1905 4.1905 4.1905 4.1905 4.1905 4.1905 4.1905 4.1905 4.1905 4.1905 4.1905 4.1905 4.1905 4.1905 4.1905 4.1905 4.1905 4.1905 4.1905 4.1905 4.1905 4.1905 0 0 0 0 0 0 0 0 0 0 0 0 0 0 0 0 0 0 0 0 0 0 0 0 0 0 0 0 0 0 0 0 0 0 0 0 0 0 0 0 0 0 0 0 0 0 0 0 0 0 0 0 0 0 0 0 0 0 0 0 0 0 0 0 0 0 0 0 0 0 0 0 0 0 0 0 0 0 0 0 0 0 0 0 0 0 0 0 0 0 0 0 0 0 0 0 0 0 0 0 0 0 0 0 0 0 0 0 0 0 0 0 0 0 0 0 0 0 0 0 0 0 0 0 0 0 0 0 0 0 0 0 0 0 0 0 0 0 0 0 0 0 0 0 0
0 0 0 0 0 0 0 0 0 0 0 0 0 0 0 0 0 0 0 0 26 26 26 26 26 4.1905 4.1905 4.1905 4.1905 4.1905 4.1905 4.1905 4.1905 4.1905 4.1905 4.1905 4.1905 4.1905 4.1905 4.1905 4.1905 4.1905 4.1905 4.1905 4.1905 4.1905 4.1905 4.1905 4.1905 4.1905 4.1905 4.1905 4.1905 4.1905 4.1905 0 0 0 0 0 0 0 0 0 0 0 0 0 0 0 0 0 0 0 0 0 0 0 0 0 0 0 0 0 0 0 0 0 0 0 0 0 0 0 0 0 0 0 0 0 0 0 0 0 0 0 0 0 0 0 0 0 0 0 0 0 0 0 0 0 0 0 0 0 0 0 0 0 0 0 0 0 0 0 0 0 0 0 0 0 0 0 0 0 0 0 0 0 0 0 0 0 0 0 0 0 0 0 0 0 0 0 0 0 0 0 0 0 0 0 0 0 0 0 0 0 0 0 0 0 0 0 0 0 0 0 0 0 0 0 0 0 0 0 0 0 0 0 0 0
0 0 0 0 0 0 0 0 0 0 0 0 0 0 0 0 0 0 0 0 26 26 26 26 26 4.1905 4.1905 4.1905 4.1905 4.1905 4.1905 4.1905 4.1905 4.1905 4.1905 4.1905 4.1905 4.1905 4.1905 4.1905 4.1905 4.1905 4.1905 4.1905 4.1905 4.1905 4.1905 4.1905 4.1905 4.1905 4.1905 4.1905 4.1905 4.1905 4.1905 0 0 0 0 0 0 0 0 0 0 0 0 0 0 0 0 0 0 0 0 0 0 0 0 0 0 0 0 0 0 0 0 0 0 0 0 0 0 0 0 0 0 0 0 0 0 0 0 0 0 0 0 0 0 0 0 0 0 0 0 0 0 0 0 0 0 0 0 0 0 0 0 0 0 0 0 0 0 0 0 0 0 0 0 0 0 0 0 0 0 0 0 0 0 0 0 0 0 0 0 0 0 0 0 0 0 0 0 0 0 0 0 0 0 0 0 0 0 0 0 0 0 0 0 0 0 0 0 0 0 0 0 0 0 0 0 0 0 0 0 0 0 0 0 0
0 0 0 0 0 0 0 0 0 0 0 0 0 0 0 0 0 0 0 0 26 26 26 26 26 4.1905 4.1905 4.1905 4.1905 4.1905 4.1905 4.1905 4.1905 4.1905 4.1905 4.1905 4.1905 4.1905 4.1905 4.1905 4.1905 4.1905 4.1905 4.1905 4.1905 4.1905 4.1905 4.1905 4.1905 4.1905 4.1905 4.1905 4.1905 4.1905 4.1905 0 0 0 0 0 0 0 0 0 0 0 0 0 0 0 0 0 0 0 0 0 0 0 0 0 0 0 0 0 0 0 0 0 0 0 0 0 0 0 0 0 0 0 0 0 0 0 0 0 0 0 0 0 0 0 0 0 0 0 0 0 0 0 0 0 0 0 0 0 0 0 0 0 0 0 0 0 0 0 0 0 0 0 0 0 0 0 0 0 0 0 0 0 0 0 0 0 0 0 0 0 0 0 0 0 0 0 0 0 0 0 0 0 0 0 0 0 0 0 0 0 0 0 0 0 0 0 0 0 0 0 0 0 0 0 0 0 0 0 0 0 0 0 0 0
0 0 0 0 0 0 0 0 0 0 0 0 0 0 0 0 0 0 0 0 26 26 26 26 26 4.1905 4.1905 4.1905 4.1905 4.1905 4.1905 4.1905 4.1905 4.1905 4.1905 4.1905 4.1905 4.1905 4.1905 4.1905 4.1905 4.1905 4.1905 4.1905 4.1905 4.1905 4.1905 4.1905 4.1905 4.1905 4.1905 4.1905 4.1905 4.1905 4.1905 0 0 0 0 0 0 0 0 0 0 0 0 0 0 0 0 0 0 0 0 0 0 0 0 0 0 0 0 0 0 0 0 0 0 0 0 0 0 0 0 0 0 0 0 0 0 0 0 0 0 0 0 0 0 0 0 0 0 0 0 0 0 0 0 0 0 0 0 0 0 0 0 0 0 0 0 0 0 0 0 0 0 0 0 0 0 0 0 0 0 0 0 0 0 0 0 0 0 0 0 0 0 0 0 0 0 0 0 0 0 0 0 0 0 0 0 0 0 0 0 0 0 0 0 0 0 0 0 0 0 0 0 0 0 0 0 0 0 0 0 0 0 0 0 0
0 0 0 0 0 0 0 0 0 0 0 0 0 0 0 0 0 0 0 0 26 26 26 26 26 4.1905 4.1905 4.1905 4.1905 4.1905 4.1905 4.1905 4.1905 4.1905 4.1905 4.1905 4.1905 4.1905 4.1905 4.1905 4.1905 4.1905 4.1905 4.1905 4.1905 4.1905 4.1905 4.1905 4.1905 4.1905 4.1905 4.1905 4.1905 4.1905 4.1905 0 0 0 0 0 0 0 0 0 0 0 0 0 0 0 0 0 0 0 0 0 0 0 0 0 0 0 0 0 0 0 0 0 0 0 0 0 0 0 0 0 0 0 0 0 0 0 0 0 0 0 0 0 0 0 0 0 0 0 0 0 0 0 0 0 0 0 0 0 0 0 0 0 0 0 0 0 0 0 0 0 0 0 0 0 0 0 0 0 0 0 0 0 0 0 0 0 0 0 0 0 0 0 0 0 0 0 0 0 0 0 0 0 0 0 0 0 0 0 0 0 0 0 0 0 0 0 0 0 0 0 0 0 0 0 0 0 0 0 0 0 0 0 0 0
0 0 0 0 0 0 0 0 0 0 0 0 0 0 0 0 0 0 0 0 26 26 26 26 26 4.1905 4.1905 4.1905 4.1905 4.1905 4.1905 4.1905 4.1905 4.1905 4.1905 4.1905 4.1905 4.1905 4.1905 4.1905 4.1905 4.1905 4.1905 4.1905 4.1905 4.1905 4.1905 4.1905 4.1905 4.1905 4.1905 4.1905 4.1905 4.1905 4.1905 0 0 0 0 0 0 0 0 0 0 0 0 0 0 0 0 0 0 0 0 0 0 0 0 0 0 0 0 0 0 0 0 0 0 0 0 0 0 0 0 0 0 0 0 0 0 0 0 0 0 0 0 0 0 0 0 0 0 0 0 0 0 0 0 0 0 0 0 0 0 0 0 0 0 0 0 0 0 0 0 0 0 0 0 0 0 0 0 0 0 0 0 0 0 0 0 0 0 0 0 0 0 0 0 0 0 0 0 0 0 0 0 0 0 0 0 0 0 0 0 0 0 0 0 0 0 0 0 0 0 0 0 0 0 0 0 0 0 0 0 0 0 0 0 0
0 0 0 0 0 0 0 0 0 0 0 0 0 0 0 0 0 0 0 0 26 26 26 26 26 4.1905 4.1905 4.1905 4.1905 4.1905 4.1905 4.1905 4.1905 4.1905 4.1905 4.1905 4.1905 4.1905 4.1905 4.1905 4.1905 4.1905 4.1905 4.1905 4.1905 4.1905 4.1905 4.1905 4.1905 4.1905 4.1905 4.1905 4.1905 4.1905 4.1905 0 0 0 0 0 0 0 0 0 0 0 0 0 0 0 0 0 0 0 0 0 0 0 0 0 0 0 0 0 0 0 0 0 0 0 0 0 0 0 0 0 0 0 0 0 0 0 0 0 0 0 0 0 0 0 0 0 0 0 0 0 0 0 0 0 0 0 0 0 0 0 0 0 0 0 0 0 0 0 0 0 0 0 0 0 0 0 0 0 0 0 0 0 0 0 0 0 0 0 0 0 0 0 0 0 0 0 0 0 0 0 0 0 0 0 0 0 0 0 0 0 0 0 0 0 0 0 0 0 0 0 0 0 0 0 0 0 0 0 0 0 0 0 0 0
0 0 0 0 0 0 0 0 0 0 0 0 0 0 0 0 0 0 0 0 26 26 26 26 26 4.1905 4.1905 4.1905 4.1905 4.1905 4.1905 4.1905 4.1905 4.1905 4.1905 4.1905 4.1905 4.1905 4.1905 4.1905 4.1905 4.1905 4.1905 4.1905 4.1905 4.1905 4.1905 4.1905 4.1905 4.1905 4.1905 4.1905 4.1905 4.1905 4.1905 0 0 0 0 0 0 0 0 0 0 0 0 0 0 0 0 0 0 0 0 0 0 0 0 0 0 0 0 0 0 0 0 0 0 0 0 0 0 0 0 0 0 0 0 0 0 0 0 0 0 0 0 0 0 0 0 0 0 0 0 0 0 0 0 0 0 0 0 0 0 0 0 0 0 0 0 0 0 0 0 0 0 0 0 0 0 0 0 0 0 0 0 0 0 0 0 0 0 0 0 0 0 0 0 0 0 0 0 0 0 0 0 0 0 0 0 0 0 0 0 0 0 0 0 0 0 0 0 0 0 0 0 0 0 0 0 0 0 0 0 0 0 0 0 0
0 0 0 0 0 0 0 0 0 0 0 0 0 0 0 0 0 0 0 0 26 26 26 26 26 4.1905 4.1905 4.1905 4.1905 4.1905 4.1905 4.1905 4.1905 4.1905 4.1905 4.1905 4.1905 4.1905 4.1905 4.1905 4.1905 4.1905 4.1905 4.1905 4.1905 4.1905 4.1905 4.1905 4.1905 4.1905 4.1905 4.1905 4.1905 4.1905 4.1905 0 0 0 0 0 0 0 0 0 0 0 0 0 0 0 0 0 0 0 0 0 0 0 0 0 0 0 0 0 0 0 0 0 0 0 0 0 0 0 0 0 0 0 0 0 0 0 0 0 0 0 0 0 0 0 0 0 0 0 0 0 0 0 0 0 0 0 0 0 0 0 0 0 0 0 0 0 0 0 0 0 0 0 0 0 0 0 0 0 0 0 0 0 0 0 0 0 0 0 0 0 0 0 0 0 0 0 0 0 0 0 0 0 0 0 0 0 0 0 0 0 0 0 0 0 0 0 0 0 0 0 0 0 0 0 0 0 0 0 0 0 0 0 0 0
0 0 0 0 0 0 0 0 0 0 0 0 0 0 0 0 0 0 0 0 26 26 26 26 26 4.1905 4.1905 4.1905 4.1905 4.1905 4.1905 4.1905 4.1905 4.1905 4.1905 4.1905 4.1905 4.1905 4.1905 4.1905 4.1905 4.1905 4.1905 4.1905 4.1905 4.1905 4.1905 4.1905 4.1905 4.1905 4.1905 4.1905 4.1905 4.1905 4.1905 0 0 0 0 0 0 0 0 0 0 0 0 0 0 0 0 0 0 0 0 0 0 0 0 0 0 0 0 0 0 0 0 0 0 0 0 0 0 0 0 0 0 0 0 0 0 0 0 0 0 0 0 0 0 0 0 0 0 0 0 0 0 0 0 0 0 0 0 0 0 0 0 0 0 0 0 0 0 0 0 0 0 0 0 0 0 0 0 0 0 0 0 0 0 0 0 0 0 0 0 0 0 0 0 0 0 0 0 0 0 0 0 0 0 0 0 0 0 0 0 0 0 0 0 0 0 0 0 0 0 0 0 0 0 0 0 0 0 0 0 0 0 0 0 0
0 0 0 0 0 0 0 0 0 0 0 0 0 0 0 0 0 0 0 0 26 26 26 26 26 4.1905 4.1905 4.1905 4.1905 4.1905 4.1905 4.1905 4.1905 4.1905 4.1905 4.1905 4.1905 4.1905 4.1905 4.1905 4.1905 4.1905 4.1905 4.1905 4.1905 4.1905 4.1905 4.1905 4.1905 4.1905 4.1905 4.1905 4.1905 4.1905 4.1905 0 0 0 0 0 0 0 0 0 0 0 0 0 0 0 0 0 0 0 0 0 0 0 0 0 0 0 0 0 0 0 0 0 0 0 0 0 0 0 0 0 0 0 0 0 0 0 0 0 0 0 0 0 0 0 0 0 0 0 0 0 0 0 0 0 0 0 0 0 0 0 0 0 0 0 0 0 0 0 0 0 0 0 0 0 0 0 0 0 0 0 0 0 0 0 0 0 0 0 0 0 0 0 0 0 0 0 0 0 0 0 0 0 0 0 0 0 0 0 0 0 0 0 0 0 0 0 0 0 0 0 0 0 0 0 0 0 0 0 0 0 0 0 0 0
0 0 0 0 0 0 0 0 0 0 0 0 0 0 0 0 0 0 0 0 26 26 26 26 26 4.1905 4.1905 4.1905 4.1905 4.1905 4.1905 4.1905 4.1905 4.1905 4.1905 4.1905 4.1905 4.1905 4.1905 4.1905 4.1905 4.1905 4.1905 4.1905 4.1905 4.1905 4.1905 4.1905 4.1905 4.1905 4.1905 4.1905 4.1905 4.1905 4.1905 0 0 0 0 0 0 0 0 0 0 0 0 0 0 0 0 0 0 0 0 0 0 0 0 0 0 0 0 0 0 0 0 0 0 0 0 0 0 0 0 0 0 0 0 0 0 0 0 0 0 0 0 0 0 0 0 0 0 0 0 0 0 0 0 0 0 0 0 0 0 0 0 0 0 0 0 0 0 0 0 0 0 0 0 0 0 0 0 0 0 0 0 0 0 0 0 0 0 0 0 0 0 0 0 0 0 0 0 0 0 0 0 0 0 0 0 0 0 0 0 0 0 0 0 0 0 0 0 0 0 0 0 0 0 0 0 0 0 0 0 0 0 0 0 0
0 0 0 0 0 0 0 0 0 0 0 0 0 0 0 0 0 0 0 0 26 26 26 26 26 4.1905 4.1905 4.1905 4.1905 4.1905 4.1905 4.1905 4.1905 4.1905 4.1905 4.1905 4.1905 4.1905 4.1905 4.1905 4.1905 4.1905 4.1905 4.1905 4.1905 4.1905 4.1905 4.1905 4.1905 4.1905 4.1905 4.1905 4.1905 4.1905 4.1905 0 0 0 0 0 0 0 0 0 0 0 0 0 0 0 0 0 0 0 0 0 0 0 0 0 0 0 0 0 0 0 0 0 0 0 0 0 0 0 0 0 0 0 0 0 0 0 0 0 0 0 0 0 0 0 0 0 0 0 0 0 0 0 0 0 0 0 0 0 0 0 0 0 0 0 0 0 0 0 0 0 0 0 0 0 0 0 0 0 0 0 0 0 0 0 0 0 0 0 0 0 0 0 0 0 0 0 0 0 0 0 0 0 0 0 0 0 0 0 0 0 0 0 0 0 0 0 0 0 0 0 0 0 0 0 0 0 0 0 0 0 0 0 0 0
0 0 0 0 0 0 0 0 0 0 0 0 0 0 0 0 0 0 0 0 26 26 26 26 26 4.1905 4.1905 4.1905 4.1905 4.1905 4.1905 4.1905 4.1905 4.1905 4.1905 4.1905 4.1905 4.1905 4.1905 4.1905 4.1905 4.1905 4.1905 4.1905 4.1905 4.1905 4.1905 4.1905 4.1905 4.1905 4.1905 4.1905 4.1905 4.1905 4.1905 0 0 0 0 0 0 0 0 0 0 0 0 0 0 0 0 0 0 0 0 0 0 0 0 0 0 0 0 0 0 0 0 0 0 0 0 0 0 0 0 0 0 0 0 0 0 0 0 0 0 0 0 0 0 0 0 0 0 0 0 0 0 0 0 0 0 0 0 0 0 0 0 0 0 0 0 0 0 0 0 0 0 0 0 0 0 0 0 0 0 0 0 0 0 0 0 0 0 0 0 0 0 0 0 0 0 0 0 0 0 0 0 0 0 0 0 0 0 0 0 0 0 0 0 0 0 0 0 0 0 0 0 0 0 0 0 0 0 0 0 0 0 0 0 0
0 0 0 0 0 0 0 0 0 0 0 0 0 0 0 0 0 0 0 0 26 26 26 26 26 4.1905 4.1905 4.1905 4.1905 4.1905 4.1905 4.1905 4.1905 4.1905 4.1905 4.1905 4.1905 4.1905 4.1905 4.1905 4.1905 4.1905 4.1905 4.1905 4.1905 4.1905 4.1905 4.1905 4.1905 4.1905 4.1905 4.1905 4.1905 4.1905 4.1905 0 0 0 0 0 0 0 0 0 0 0 0 0 0 0 0 0 0 0 0 0 0 0 0 0 0 0 0 0 0 0 0 0 0 0 0 0 0 0 0 0 0 0 0 0 0 0 0 0 0 0 0 0 0 0 0 0 0 0 0 0 0 0 0 0 0 0 0 0 0 0 0 0 0 0 0 0 0 0 0 0 0 0 0 0 0 0 0 0 0 0 0 0 0 0 0 0 0 0 0 0 0 0 0 0 0 0 0 0 0 0 0 0 0 0 0 0 0 0 0 0 0 0 0 0 0 0 0 0 0 0 0 0 0 0 0 0 0 0 0 0 0 0 0 0
0 0 0 0 0 0 0 0 0 0 0 0 0 0 0 0 0 0 0 0 26 26 26 26 26 4.1905 4.1905 4.1905 4.1905 4.1905 4.1905 4.1905 4.1905 4.1905 4.1905 4.1905 4.1905 4.1905 4.1905 4.1905 4.1905 4.1905 4.1905 4.1905 4.1905 4.1905 4.1905 4.1905 4.1905 4.1905 4.1905 4.1905 4.1905 4.1905 4.1905 0 0 0 0 0 0 0 0 0 0 0 0 0 0 0 0 0 0 0 0 0 0 0 0 0 0 0 0 0 0 0 0 0 0 0 0 0 0 0 0 0 0 0 0 0 0 0 0 0 0 0 0 0 0 0 0 0 0 0 0 0 0 0 0 0 0 0 0 0 0 0 0 0 0 0 0 0 0 0 0 0 0 0 0 0 0 0 0 0 0 0 0 0 0 0 0 0 0 0 0 0 0 0 0 0 0 0 0 0 0 0 0 0 0 0 0 0 0 0 0 0 0 0 0 0 0 0 0 0 0 0 0 0 0 0 0 0 0 0 0 0 0 0 0 0
0 0 0 0 0 0 0 0 0 0 0 0 0 0 0 0 0 0 0 0 26 26 26 26 26 4.1905 4.1905 4.1905 4.1905 4.1905 4.1905 4.1905 4.1905 4.1905 4.1905 4.1905 4.1905 4.1905 4.1905 4.1905 4.1905 4.1905 4.1905 4.1905 4.1905 4.1905 4.1905 4.1905 4.1905 4.1905 4.1905 4.1905 4.1905 4.1905 4.1905 0 0 0 0 0 0 0 0 0 0 0 0 0 0 0 0 0 0 0 0 0 0 0 0 0 0 0 0 0 0 0 0 0 0 0 0 0 0 0 0 0 0 0 0 0 0 0 0 0 0 0 0 0 0 0 0 0 0 0 0 0 0 0 0 0 0 0 0 0 0 0 0 0 0 0 0 0 0 0 0 0 0 0 0 0 0 0 0 0 0 0 0 0 0 0 0 0 0 0 0 0 0 0 0 0 0 0 0 0 0 0 0 0 0 0 0 0 0 0 0 0 0 0 0 0 0 0 0 0 0 0 0 0 0 0 0 0 0 0 0 0 0 0 0 0
0 0 0 0 0 0 0 0 0 0 0 0 0 0 0 0 0 0 0 0 26 26 26 26 26 4.1905 4.1905 4.1905 4.1905 4.1905 4.1905 4.1905 4.1905 4.1905 4.1905 4.1905 4.1905 4.1905 4.1905 4.1905 4.1905 4.1905 4.1905 4.1905 4.1905 4.1905 4.1905 4.1905 4.1905 4.1905 4.1905 4.1905 4.1905 4.1905 4.1905 0 0 0 0 0 0 0 0 0 0 0 0 0 0 0 0 0 0 0 0 0 0 0 0 0 0 0 0 0 0 0 0 0 0 0 0 0 0 0 0 0 0 0 0 0 0 0 0 0 0 0 0 0 0 0 0 0 0 0 0 0 0 0 0 0 0 0 0 0 0 0 0 0 0 0 0 0 0 0 0 0 0 0 0 0 0 0 0 0 0 0 0 0 0 0 0 0 0 0 0 0 0 0 0 0 0 0 0 0 0 0 0 0 0 0 0 0 0 0 0 0 0 0 0 0 0 0 0 0 0 0 0 0 0 0 0 0 0 0 0 0 0 0 0 0
0 0 0 0 0 0 0 0 0 0 0 0 0 0 0 0 0 0 0 0 26 26 26 26 26 4.1905 4.1905 4.1905 4.1905 4.1905 4.1905 4.1905 4.1905 4.1905 4.1905 4.1905 4.1905 4.1905 4.1905 4.1905 4.1905 4.1905 4.1905 4.1905 4.1905 4.1905 4.1905 4.1905 4.1905 4.1905 4.1905 4.1905 4.1905 4.1905 4.1905 0 0 0 0 0 0 0 0 0 0 0 0 0 0 0 0 0 0 0 0 0 0 0 0 0 0 0 0 0 0 0 0 0 0 0 0 0 0 0 0 0 0 0 0 0 0 0 0 0 0 0 0 0 0 0 0 0 0 0 0 0 0 0 0 0 0 0 0 0 0 0 0 0 0 0 0 0 0 0 0 0 0 0 0 0 0 0 0 0 0 0 0 0 0 0 0 0 0 0 0 0 0 0 0 0 0 0 0 0 0 0 0 0 0 0 0 0 0 0 0 0 0 0 0 0 0 0 0 0 0 0 0 0 0 0 0 0 0 0 0 0 0 0 0 0
0 0 0 0 0 0 0 0 0 0 0 0 0 0 0 0 0 0 0 0 26 26 26 26 26 4.1905 4.1905 4.1905 4.1905 4.1905 4.1905 4.1905 4.1905 4.1905 4.1905 4.1905 4.1905 4.1905 4.1905 4.1905 4.1905 4.1905 4.1905 4.1905 4.1905 4.1905 4.1905 4.1905 4.1905 4.1905 4.1905 4.1905 4.1905 4.1905 4.1905 0 0 0 0 0 0 0 0 0 0 0 0 0 0 0 0 0 0 0 0 0 0 0 0 0 0 0 0 0 0 0 0 0 0 0 0 0 0 0 0 0 0 0 0 0 0 0 0 0 0 0 0 0 0 0 0 0 0 0 0 0 0 0 0 0 0 0 0 0 0 0 0 0 0 0 0 0 0 0 0 0 0 0 0 0 0 0 0 0 0 0 0 0 0 0 0 0 0 0 0 0 0 0 0 0 0 0 0 0 0 0 0 0 0 0 0 0 0 0 0 0 0 0 0 0 0 0 0 0 0 0 0 0 0 0 0 0 0 0 0 0 0 0 0 0
0 0 0 0 0 0 0 0 0 0 0 0 0 0 0 0 0 0 0 0 26 26 26 26 26 4.1905 4.1905 4.1905 4.1905 4.1905 4.1905 4.1905 4.1905 4.1905 4.1905 4.1905 4.1905 4.1905 4.1905 4.1905 4.1905 4.1905 4.1905 4.1905 4.1905 4.1905 4.1905 4.1905 4.1905 4.1905 4.1905 4.1905 4.1905 4.1905 4.1905 0 0 0 0 0 0 0 0 0 0 0 0 0 0 0 0 0 0 0 0 0 0 0 0 0 0 0 0 0 0 0 0 0 0 0 0 0 0 0 0 0 0 0 0 0 0 0 0 0 0 0 0 0 0 0 0 0 0 0 0 0 0 0 0 0 0 0 0 0 0 0 0 0 0 0 0 0 0 0 0 0 0 0 0 0 0 0 0 0 0 0 0 0 0 0 0 0 0 0 0 0 0 0 0 0 0 0 0 0 0 0 0 0 0 0 0 0 0 0 0 0 0 0 0 0 0 0 0 0 0 0 0 0 0 0 0 0 0 0 0 0 0 0 0 0
0 0 0 0 0 0 0 0 0 0 0 0 0 0 0 0 0 0 0 0 26 26 26 26 26 4.1905 4.1905 4.1905 4.1905 4.1905 4.1905 4.1905 4.1905 4.1905 4.1905 4.1905 4.1905 4.1905 4.1905 4.1905 4.1905 4.1905 4.1905 4.1905 4.1905 4.1905 4.1905 4.1905 4.1905 4.1905 4.1905 4.1905 4.1905 4.1905 4.1905 0 0 0 0 0 0 0 0 0 0 0 0 0 0 0 0 0 0 0 0 0 0 0 0 0 0 0 0 0 0 0 0 0 0 0 0 0 0 0 0 0 0 0 0 0 0 0 0 0 0 0 0 0 0 0 0 0 0 0 0 0 0 0 0 0 0 0 0 0 0 0 0 0 0 0 0 0 0 0 0 0 0 0 0 0 0 0 0 0 0 0 0 0 0 0 0 0 0 0 0 0 0 0 0 0 0 0 0 0 0 0 0 0 0 0 0 0 0 0 0 0 0 0 0 0 0 0 0 0 0 0 0 0 0 0 0 0 0 0 0 0 0 0 0 0
0 0 0 0 0 0 0 0 0 0 0 0 0 0 0 0 0 0 0 0 26 26 26 26 26 4.1905 4.1905 4.1905 4.1905 4.1905 4.1905 4.1905 4.1905 4.1905 4.1905 4.1905 4.1905 4.1905 4.1905 4.1905 4.1905 4.1905 4.1905 4.1905 4.1905 4.1905 4.1905 4.1905 4.1905 4.1905 4.1905 4.1905 4.1905 4.1905 4.1905 0 0 0 0 0 0 0 0 0 0 0 0 0 0 0 0 0 0 0 0 0 0 0 0 0 0 0 0 0 0 0 0 0 0 0 0 0 0 0 0 0 0 0 0 0 0 0 0 0 0 0 0 0 0 0 0 0 0 0 0 0 0 0 0 0 0 0 0 0 0 0 0 0 0 0 0 0 0 0 0 0 0 0 0 0 0 0 0 0 0 0 0 0 0 0 0 0 0 0 0 0 0 0 0 0 0 0 0 0 0 0 0 0 0 0 0 0 0 0 0 0 0 0 0 0 0 0 0 0 0 0 0 0 0 0 0 0 0 0 0 0 0 0 0 0
0 0 0 0 0 0 0 0 0 0 0 0 0 0 0 0 0 0 0 0 26 26 26 26 26 4.1905 4.1905 4.1905 4.1905 4.1905 4.1905 4.1905 4.1905 4.1905 4.1905 4.1905 4.1905 4.1905 4.1905 4.1905 4.1905 4.1905 4.1905 4.1905 4.1905 4.1905 4.1905 4.1905 4.1905 4.1905 4.1905 4.1905 4.1905 4.1905 4.1905 0 0 0 0 0 0 0 0 0 0 0 0 0 0 0 0 0 0 0 0 0 0 0 0 0 0 0 0 0 0 0 0 0 0 0 0 0 0 0 0 0 0 0 0 0 0 0 0 0 0 0 0 0 0 0 0 0 0 0 0 0 0 0 0 0 0 0 0 0 0 0 0 0 0 0 0 0 0 0 0 0 0 0 0 0 0 0 0 0 0 0 0 0 0 0 0 0 0 0 0 0 0 0 0 0 0 0 0 0 0 0 0 0 0 0 0 0 0 0 0 0 0 0 0 0 0 0 0 0 0 0 0 0 0 0 0 0 0 0 0 0 0 0 0 0
0 0 0 0 0 0 0 0 0 0 0 0 0 0 0 0 0 0 0 0 26 26 26 26 26 4.1905 4.1905 4.1905 4.1905 4.1905 4.1905 4.1905 4.1905 4.1905 4.1905 4.1905 4.1905 4.1905 4.1905 4.1905 4.1905 4.1905 4.1905 4.1905 4.1905 4.1905 4.1905 4.1905 4.1905 4.1905 4.1905 4.1905 4.1905 4.1905 4.1905 0 0 0 0 0 0 0 0 0 0 0 0 0 0 0 0 0 0 0 0 0 0 0 0 0 0 0 0 0 0 0 0 0 0 0 0 0 0 0 0 0 0 0 0 0 0 0 0 0 0 0 0 0 0 0 0 0 0 0 0 0 0 0 0 0 0 0 0 0 0 0 0 0 0 0 0 0 0 0 0 0 0 0 0 0 0 0 0 0 0 0 0 0 0 0 0 0 0 0 0 0 0 0 0 0 0 0 0 0 0 0 0 0 0 0 0 0 0 0 0 0 0 0 0 0 0 0 0 0 0 0 0 0 0 0 0 0 0 0 0 0 0 0 0 0
0 0 0 0 0 0 0 0 0 0 0 0 0 0 0 0 0 0 0 0 26 26 26 26 26 4.1905 4.1905 4.1905 4.1905 4.1905 4.1905 4.1905 4.1905 4.1905 4.1905 4.1905 4.1905 4.1905 4.1905 4.1905 4.1905 4.1905 4.1905 4.1905 4.1905 4.1905 4.1905 4.1905 4.1905 4.1905 4.1905 4.1905 4.1905 4.1905 4.1905 0 0 0 0 0 0 0 0 0 0 0 0 0 0 0 0 0 0 0 0 0 0 0 0 0 0 0 0 0 0 0 0 0 0 0 0 0 0 0 0 0 0 0 0 0 0 0 0 0 0 0 0 0 0 0 0 0 0 0 0 0 0 0 0 0 0 0 0 0 0 0 0 0 0 0 0 0 0 0 0 0 0 0 0 0 0 0 0 0 0 0 0 0 0 0 0 0 0 0 0 0 0 0 0 0 0 0 0 0 0 0 0 0 0 0 0 0 0 0 0 0 0 0 0 0 0 0 0 0 0 0 0 0 0 0 0 0 0 0 0 0 0 0 0 0
0 0 0 0 0 0 0 0 0 0 0 0 0 0 0 0 0 0 0 0 26 26 26 26 26 4.1905 4.1905 4.1905 4.1905 4.1905 4.1905 4.1905 4.1905 4.1905 4.1905 4.1905 4.1905 4.1905 4.1905 4.1905 4.1905 4.1905 4.1905 4.1905 4.1905 4.1905 4.1905 4.1905 4.1905 4.1905 4.1905 4.1905 4.1905 4.1905 4.1905 0 0 0 0 0 0 0 0 0 0 0 0 0 0 0 0 0 0 0 0 0 0 0 0 0 0 0 0 0 0 0 0 0 0 0 0 0 0 0 0 0 0 0 0 0 0 0 0 0 0 0 0 0 0 0 0 0 0 0 0 0 0 0 0 0 0 0 0 0 0 0 0 0 0 0 0 0 0 0 0 0 0 0 0 0 0 0 0 0 0 0 0 0 0 0 0 0 0 0 0 0 0 0 0 0 0 0 0 0 0 0 0 0 0 0 0 0 0 0 0 0 0 0 0 0 0 0 0 0 0 0 0 0 0 0 0 0 0 0 0 0 0 0 0 0
0 0 0 0 0 0 0 0 0 0 0 0 0 0 0 0 0 0 0 0 26 26 26 26 26 4.1905 4.1905 4.1905 4.1905 4.1905 4.1905 4.1905 4.1905 4.1905 4.1905 4.1905 4.1905 4.1905 4.1905 4.1905 4.1905 4.1905 4.1905 4.1905 4.1905 4.1905 4.1905 4.1905 4.1905 4.1905 4.1905 4.1905 4.1905 4.1905 4.1905 0 0 0 0 0 0 0 0 0 0 0 0 0 0 0 0 0 0 0 0 0 0 0 0 0 0 0 0 0 0 0 0 0 0 0 0 0 0 0 0 0 0 0 0 0 0 0 0 0 0 0 0 0 0 0 0 0 0 0 0 0 0 0 0 0 0 0 0 0 0 0 0 0 0 0 0 0 0 0 0 0 0 0 0 0 0 0 0 0 0 0 0 0 0 0 0 0 0 0 0 0 0 0 0 0 0 0 0 0 0 0 0 0 0 0 0 0 0 0 0 0 0 0 0 0 0 0 0 0 0 0 0 0 0 0 0 0 0 0 0 0 0 0 0 0
0 0 0 0 0 0 0 0 0 0 0 0 0 0 0 0 0 0 0 0 26 26 26 26 26 4.1905 4.1905 4.1905 4.1905 4.1905 4.1905 4.1905 4.1905 4.1905 4.1905 4.1905 4.1905 4.1905 4.1905 4.1905 4.1905 4.1905 4.1905 4.1905 4.1905 4.1905 4.1905 4.1905 4.1905 4.1905 4.1905 4.1905 4.1905 4.1905 4.1905 0 0 0 0 0 0 0 0 0 0 0 0 0 0 0 0 0 0 0 0 0 0 0 0 0 0 0 0 0 0 0 0 0 0 0 0 0 0 0 0 0 0 0 0 0 0 0 0 0 0 0 0 0 0 0 0 0 0 0 0 0 0 0 0 0 0 0 0 0 0 0 0 0 0 0 0 0 0 0 0 0 0 0 0 0 0 0 0 0 0 0 0 0 0 0 0 0 0 0 0 0 0 0 0 0 0 0 0 0 0 0 0 0 0 0 0 0 0 0 0 0 0 0 0 0 0 0 0 0 0 0 0 0 0 0 0 0 0 0 0 0 0 0 0 0
0 0 0 0 0 0 0 0 0 0 0 0 0 0 0 0 0 0 0 0 26 26 26 26 26 4.1905 4.1905 4.1905 4.1905 4.1905 4.1905 4.1905 4.1905 4.1905 4.1905 4.1905 4.1905 4.1905 4.1905 4.1905 4.1905 4.1905 4.1905 4.1905 4.1905 4.1905 4.1905 4.1905 4.1905 4.1905 4.1905 4.1905 4.1905 4.1905 4.1905 0 0 0 0 0 0 0 0 0 0 0 0 0 0 0 0 0 0 0 0 0 0 0 0 0 0 0 0 0 0 0 0 0 0 0 0 0 0 0 0 0 0 0 0 0 0 0 0 0 0 0 0 0 0 0 0 0 0 0 0 0 0 0 0 0 0 0 0 0 0 0 0 0 0 0 0 0 0 0 0 0 0 0 0 0 0 0 0 0 0 0 0 0 0 0 0 0 0 0 0 0 0 0 0 0 0 0 0 0 0 0 0 0 0 0 0 0 0 0 0 0 0 0 0 0 0 0 0 0 0 0 0 0 0 0 0 0 0 0 0 0 0 0 0 0
0 0 0 0 0 0 0 0 0 0 0 0 0 0 0 0 0 0 0 0 26 26 26 26 26 4.1905 4.1905 4.1905 4.1905 4.1905 4.1905 4.1905 4.1905 4.1905 4.1905 4.1905 4.1905 4.1905 4.1905 4.1905 4.1905 4.1905 4.1905 4.1905 4.1905 4.1905 4.1905 4.1905 4.1905 4.1905 4.1905 4.1905 4.1905 4.1905 4.1905 0 0 0 0 0 0 0 0 0 0 0 0 0 0 0 0 0 0 0 0 0 0 0 0 0 0 0 0 0 0 0 0 0 0 0 0 0 0 0 0 0 0 0 0 0 0 0 0 0 0 0 0 0 0 0 0 0 0 0 0 0 0 0 0 0 0 0 0 0 0 0 0 0 0 0 0 0 0 0 0 0 0 0 0 0 0 0 0 0 0 0 0 0 0 0 0 0 0 0 0 0 0 0 0 0 0 0 0 0 0 0 0 0 0 0 0 0 0 0 0 0 0 0 0 0 0 0 0 0 0 0 0 0 0 0 0 0 0 0 0 0 0 0 0 0
0 0 0 0 0 0 0 0 0 0 0 0 0 0 0 0 0 0 0 0 26 26 26 26 26 4.1905 4.1905 4.1905 4.1905 4.1905 4.1905 4.1905 4.1905 4.1905 4.1905 4.1905 4.1905 4.1905 4.1905 4.1905 4.1905 4.1905 4.1905 4.1905 4.1905 4.1905 4.1905 4.1905 4.1905 4.1905 4.1905 4.1905 4.1905 4.1905 4.1905 0 0 0 0 0 0 0 0 0 0 0 0 0 0 0 0 0 0 0 0 0 0 0 0 0 0 0 0 0 0 0 0 0 0 0 0 0 0 0 0 0 0 0 0 0 0 0 0 0 0 0 0 0 0 0 0 0 0 0 0 0 0 0 0 0 0 0 0 0 0 0 0 0 0 0 0 0 0 0 0 0 0 0 0 0 0 0 0 0 0 0 0 0 0 0 0 0 0 0 0 0 0 0 0 0 0 0 0 0 0 0 0 0 0 0 0 0 0 0 0 0 0 0 0 0 0 0 0 0 0 0 0 0 0 0 0 0 0 0 0 0 0 0 0 0
0 0 0 0 0 0 0 0 0 0 0 0 0 0 0 0 0 0 0 0 26 26 26 26 26 4.1905 4.1905 4.1905 4.1905 4.1905 4.1905 4.1905 4.1905 4.1905 4.1905 4.1905 4.1905 4.1905 4.1905 4.1905 4.1905 4.1905 4.1905 4.1905 4.1905 4.1905 4.1905 4.1905 4.1905 4.1905 4.1905 4.1905 4.1905 4.1905 4.1905 0 0 0 0 0 0 0 0 0 0 0 0 0 0 0 0 0 0 0 0 0 0 0 0 0 0 0 0 0 0 0 0 0 0 0 0 0 0 0 0 0 0 0 0 0 0 0 0 0 0 0 0 0 0 0 0 0 0 0 0 0 0 0 0 0 0 0 0 0 0 0 0 0 0 0 0 0 0 0 0 0 0 0 0 0 0 0 0 0 0 0 0 0 0 0 0 0 0 0 0 0 0 0 0 0 0 0 0 0 0 0 0 0 0 0 0 0 0 0 0 0 0 0 0 0 0 0 0 0 0 0 0 0 0 0 0 0 0 0 0 0 0 0 0 0
0 0 0 0 0 0 0 0 0 0 0 0 0 0 0 0 0 0 0 0 26 26 26 26 26 4.1905 4.1905 4.1905 4.1905 4.1905 4.1905 4.1905 4.1905 4.1905 4.1905 4.1905 4.1905 4.1905 4.1905 4.1905 4.1905 4.1905 4.1905 4.1905 4.1905 4.1905 4.1905 4.1905 4.1905 4.1905 4.1905 4.1905 4.1905 4.1905 4.1905 0 0 0 0 0 0 0 0 0 0 0 0 0 0 0 0 0 0 0 0 0 0 0 0 0 0 0 0 0 0 0 0 0 0 0 0 0 0 0 0 0 0 0 0 0 0 0 0 0 0 0 0 0 0 0 0 0 0 0 0 0 0 0 0 0 0 0 0 0 0 0 0 0 0 0 0 0 0 0 0 0 0 0 0 0 0 0 0 0 0 0 0 0 0 0 0 0 0 0 0 0 0 0 0 0 0 0 0 0 0 0 0 0 0 0 0 0 0 0 0 0 0 0 0 0 0 0 0 0 0 0 0 0 0 0 0 0 0 0 0 0 0 0 0 0
0 0 0 0 0 0 0 0 0 0 0 0 0 0 0 0 0 0 0 0 26 26 26 26 26 4.1905 4.1905 4.1905 4.1905 4.1905 4.1905 4.1905 4.1905 4.1905 4.1905 4.1905 4.1905 4.1905 4.1905 4.1905 4.1905 4.1905 4.1905 4.1905 4.1905 4.1905 4.1905 4.1905 4.1905 4.1905 4.1905 4.1905 4.1905 4.1905 4.1905 0 0 0 0 0 0 0 0 0 0 0 0 0 0 0 0 0 0 0 0 0 0 0 0 0 0 0 0 0 0 0 0 0 0 0 0 0 0 0 0 0 0 0 0 0 0 0 0 0 0 0 0 0 0 0 0 0 0 0 0 0 0 0 0 0 0 0 0 0 0 0 0 0 0 0 0 0 0 0 0 0 0 0 0 0 0 0 0 0 0 0 0 0 0 0 0 0 0 0 0 0 0 0 0 0 0 0 0 0 0 0 0 0 0 0 0 0 0 0 0 0 0 0 0 0 0 0 0 0 0 0 0 0 0 0 0 0 0 0 0 0 0 0 0 0
0 0 0 0 0 0 0 0 0 0 0 0 0 0 0 0 0 0 0 0 26 26 26 26 26 4.1905 4.1905 4.1905 4.1905 4.1905 4.1905 4.1905 4.1905 4.1905 4.1905 4.1905 4.1905 4.1905 4.1905 4.1905 4.1905 4.1905 4.1905 4.1905 4.1905 4.1905 4.1905 4.1905 4.1905 4.1905 4.1905 4.1905 4.1905 4.1905 4.1905 0 0 0 0 0 0 0 0 0 0 0 0 0 0 0 0 0 0 0 0 0 0 0 0 0 0 0 0 0 0 0 0 0 0 0 0 0 0 0 0 0 0 0 0 0 0 0 0 0 0 0 0 0 0 0 0 0 0 0 0 0 0 0 0 0 0 0 0 0 0 0 0 0 0 0 0 0 0 0 0 0 0 0 0 0 0 0 0 0 0 0 0 0 0 0 0 0 0 0 0 0 0 0 0 0 0 0 0 0 0 0 0 0 0 0 0 0 0 0 0 0 0 0 0 0 0 0 0 0 0 0 0 0 0 0 0 0 0 0 0 0 0 0 0 0
0 0 0 0 0 0 0 0 0 0 0 0 0 0 0 0 0 0 0 0 26 26 26 26 26 4.1905 4.1905 4.1905 4.1905 4.1905 4.1905 4.1905 4.1905 4.1905 4.1905 4.1905 4.1905 4.1905 4.1905 4.1905 4.1905 4.1905 4.1905 4.1905 4.1905 4.1905 4.1905 4.1905 4.1905 4.1905 4.1905 4.1905 4.1905 4.1905 4.1905 0 0 0 0 0 0 0 0 0 0 0 0 0 0 0 0 0 0 0 0 0 0 0 0 0 0 0 0 0 0 0 0 0 0 0 0 0 0 0 0 0 0 0 0 0 0 0 0 0 0 0 0 0 0 0 0 0 0 0 0 0 0 0 0 0 0 0 0 0 0 0 0 0 0 0 0 0 0 0 0 0 0 0 0 0 0 0 0 0 0 0 0 0 0 0 0 0 0 0 0 0 0 0 0 0 0 0 0 0 0 0 0 0 0 0 0 0 0 0 0 0 0 0 0 0 0 0 0 0 0 0 0 0 0 0 0 0 0 0 0 0 0 0 0 0
0 0 0 0 0 0 0 0 0 0 0 0 0 0 0 0 0 0 0 0 26 26 26 26 26 4.1905 4.1905 4.1905 4.1905 4.1905 4.1905 4.1905 4.1905 4.1905 4.1905 4.1905 4.1905 4.1905 4.1905 4.1905 4.1905 4.1905 4.1905 4.1905 4.1905 4.1905 4.1905 4.1905 4.1905 4.1905 4.1905 4.1905 4.1905 4.1905 4.1905 0 0 0 0 0 0 0 0 0 0 0 0 0 0 0 0 0 0 0 0 0 0 0 0 0 0 0 0 0 0 0 0 0 0 0 0 0 0 0 0 0 0 0 0 0 0 0 0 0 0 0 0 0 0 0 0 0 0 0 0 0 0 0 0 0 0 0 0 0 0 0 0 0 0 0 0 0 0 0 0 0 0 0 0 0 0 0 0 0 0 0 0 0 0 0 0 0 0 0 0 0 0 0 0 0 0 0 0 0 0 0 0 0 0 0 0 0 0 0 0 0 0 0 0 0 0 0 0 0 0 0 0 0 0 0 0 0 0 0 0 0 0 0 0 0
0 0 0 0 0 0 0 0 0 0 0 0 0 0 0 0 0 0 0 0 26 26 26 26 26 4.1905 4.1905 4.1905 4.1905 4.1905 4.1905 4.1905 4.1905 4.1905 4.1905 4.1905 4.1905 4.1905 4.1905 4.1905 4.1905 4.1905 4.1905 4.1905 4.1905 4.1905 4.1905 4.1905 4.1905 4.1905 4.1905 4.1905 4.1905 4.1905 4.1905 0 0 0 0 0 0 0 0 0 0 0 0 0 0 0 0 0 0 0 0 0 0 0 0 0 0 0 0 0 0 0 0 0 0 0 0 0 0 0 0 0 0 0 0 0 0 0 0 0 0 0 0 0 0 0 0 0 0 0 0 0 0 0 0 0 0 0 0 0 0 0 0 0 0 0 0 0 0 0 0 0 0 0 0 0 0 0 0 0 0 0 0 0 0 0 0 0 0 0 0 0 0 0 0 0 0 0 0 0 0 0 0 0 0 0 0 0 0 0 0 0 0 0 0 0 0 0 0 0 0 0 0 0 0 0 0 0 0 0 0 0 0 0 0 0
0 0 0 0 0 0 0 0 0 0 0 0 0 0 0 0 0 0 0 0 26 26 26 26 26 4.1905 4.1905 4.1905 4.1905 4.1905 4.1905 4.1905 4.1905 4.1905 4.1905 4.1905 4.1905 4.1905 4.1905 4.1905 4.1905 4.1905 4.1905 4.1905 4.1905 4.1905 4.1905 4.1905 4.1905 4.1905 4.1905 4.1905 4.1905 4.1905 4.1905 0 0 0 0 0 0 0 0 0 0 0 0 0 0 0 0 0 0 0 0 0 0 0 0 0 0 0 0 0 0 0 0 0 0 0 0 0 0 0 0 0 0 0 0 0 0 0 0 0 0 0 0 0 0 0 0 0 0 0 0 0 0 0 0 0 0 0 0 0 0 0 0 0 0 0 0 0 0 0 0 0 0 0 0 0 0 0 0 0 0 0 0 0 0 0 0 0 0 0 0 0 0 0 0 0 0 0 0 0 0 0 0 0 0 0 0 0 0 0 0 0 0 0 0 0 0 0 0 0 0 0 0 0 0 0 0 0 0 0 0 0 0 0 0 0
0 0 0 0 0 0 0 0 0 0 0 0 0 0 0 0 0 0 0 0 26 26 26 26 26 4.1905 4.1905 4.1905 4.1905 4.1905 4.1905 4.1905 4.1905 4.1905 4.1905 4.1905 4.1905 4.1905 4.1905 4.1905 4.1905 4.1905 4.1905 4.1905 4.1905 4.1905 4.1905 4.1905 4.1905 4.1905 4.1905 4.1905 4.1905 4.1905 4.1905 0 0 0 0 0 0 0 0 0 0 0 0 0 0 0 0 0 0 0 0 0 0 0 0 0 0 0 0 0 0 0 0 0 0 0 0 0 0 0 0 0 0 0 0 0 0 0 0 0 0 0 0 0 0 0 0 0 0 0 0 0 0 0 0 0 0 0 0 0 0 0 0 0 0 0 0 0 0 0 0 0 0 0 0 0 0 0 0 0 0 0 0 0 0 0 0 0 0 0 0 0 0 0 0 0 0 0 0 0 0 0 0 0 0 0 0 0 0 0 0 0 0 0 0 0 0 0 0 0 0 0 0 0 0 0 0 0 0 0 0 0 0 0 0 0
0 0 0 0 0 0 0 0 0 0 0 0 0 0 0 0 0 0 0 0 26 26 26 26 26 4.1905 4.1905 4.1905 4.1905 4.1905 4.1905 4.1905 4.1905 4.1905 4.1905 4.1905 4.1905 4.1905 4.1905 4.1905 4.1905 4.1905 4.1905 4.1905 4.1905 4.1905 4.1905 4.1905 4.1905 4.1905 4.1905 4.1905 4.1905 4.1905 4.1905 0 0 0 0 0 0 0 0 0 0 0 0 0 0 0 0 0 0 0 0 0 0 0 0 0 0 0 0 0 0 0 0 0 0 0 0 0 0 0 0 0 0 0 0 0 0 0 0 0 0 0 0 0 0 0 0 0 0 0 0 0 0 0 0 0 0 0 0 0 0 0 0 0 0 0 0 0 0 0 0 0 0 0 0 0 0 0 0 0 0 0 0 0 0 0 0 0 0 0 0 0 0 0 0 0 0 0 0 0 0 0 0 0 0 0 0 0 0 0 0 0 0 0 0 0 0 0 0 0 0 0 0 0 0 0 0 0 0 0 0 0 0 0 0 0
0 0 0 0 0 0 0 0 0 0 0 0 0 0 0 0 0 0 0 0 26 26 26 26 26 4.1905 4.1905 4.1905 4.1905 4.1905 4.1905 4.1905 4.1905 4.1905 4.1905 4.1905 4.1905 4.1905 4.1905 4.1905 4.1905 4.1905 4.1905 4.1905 4.1905 4.1905 4.1905 4.1905 4.1905 4.1905 4.1905 4.1905 4.1905 4.1905 4.1905 0 0 0 0 0 0 0 0 0 0 0 0 0 0 0 0 0 0 0 0 0 0 0 0 0 0 0 0 0 0 0 0 0 0 0 0 0 0 0 0 0 0 0 0 0 0 0 0 0 0 0 0 0 0 0 0 0 0 0 0 0 0 0 0 0 0 0 0 0 0 0 0 0 0 0 0 0 0 0 0 0 0 0 0 0 0 0 0 0 0 0 0 0 0 0 0 0 0 0 0 0 0 0 0 0 0 0 0 0 0 0 0 0 0 0 0 0 0 0 0 0 0 0 0 0 0 0 0 0 0 0 0 0 0 0 0 0 0 0 0 0 0 0 0 0
0 0 0 0 0 0 0 0 0 0 0 0 0 0 0 0 0 0 0 0 26 26 26 26 26 4.1905 4.1905 4.1905 4.1905 4.1905 4.1905 4.1905 4.1905 4.1905 4.1905 4.1905 4.1905 4.1905 4.1905 4.1905 4.1905 4.1905 4.1905 4.1905 4.1905 4.1905 4.1905 4.1905 4.1905 4.1905 4.1905 4.1905 4.1905 4.1905 4.1905 0 0 0 0 0 0 0 0 0 0 0 0 0 0 0 0 0 0 0 0 0 0 0 0 0 0 0 0 0 0 0 0 0 0 0 0 0 0 0 0 0 0 0 0 0 0 0 0 0 0 0 0 0 0 0 0 0 0 0 0 0 0 0 0 0 0 0 0 0 0 0 0 0 0 0 0 0 0 0 0 0 0 0 0 0 0 0 0 0 0 0 0 0 0 0 0 0 0 0 0 0 0 0 0 0 0 0 0 0 0 0 0 0 0 0 0 0 0 0 0 0 0 0 0 0 0 0 0 0 0 0 0 0 0 0 0 0 0 0 0 0 0 0 0 0
0 0 0 0 0 0 0 0 0 0 0 0 0 0 0 0 0 0 0 0 26 26 26 26 26 4.1905 4.1905 4.1905 4.1905 4.1905 4.1905 4.1905 4.1905 4.1905 4.1905 4.1905 4.1905 4.1905 4.1905 4.1905 4.1905 4.1905 4.1905 4.1905 4.1905 4.1905 4.1905 4.1905 4.1905 4.1905 4.1905 4.1905 4.1905 4.1905 4.1905 0 0 0 0 0 0 0 0 0 0 0 0 0 0 0 0 0 0 0 0 0 0 0 0 0 0 0 0 0 0 0 0 0 0 0 0 0 0 0 0 0 0 0 0 0 0 0 0 0 0 0 0 0 0 0 0 0 0 0 0 0 0 0 0 0 0 0 0 0 0 0 0 0 0 0 0 0 0 0 0 0 0 0 0 0 0 0 0 0 0 0 0 0 0 0 0 0 0 0 0 0 0 0 0 0 0 0 0 0 0 0 0 0 0 0 0 0 0 0 0 0 0 0 0 0 0 0 0 0 0 0 0 0 0 0 0 0 0 0 0 0 0 0 0 0
0 0 0 0 0 0 0 0 0 0 0 0 0 0 0 0 0 0 0 0 26 26 26 26 26 4.1905 4.1905 4.1905 4.1905 4.1905 4.1905 4.1905 4.1905 4.1905 4.1905 4.1905 4.1905 4.1905 4.1905 4.1905 4.1905 4.1905 4.1905 4.1905 4.1905 4.1905 4.1905 4.1905 4.1905 4.1905 4.1905 4.1905 4.1905 4.1905 4.1905 0 0 0 0 0 0 0 0 0 0 0 0 0 0 0 0 0 0 0 0 0 0 0 0 0 0 0 0 0 0 0 0 0 0 0 0 0 0 0 0 0 0 0 0 0 0 0 0 0 0 0 0 0 0 0 0 0 0 0 0 0 0 0 0 0 0 0 0 0 0 0 0 0 0 0 0 0 0 0 0 0 0 0 0 0 0 0 0 0 0 0 0 0 0 0 0 0 0 0 0 0 0 0 0 0 0 0 0 0 0 0 0 0 0 0 0 0 0 0 0 0 0 0 0 0 0 0 0 0 0 0 0 0 0 0 0 0 0 0 0 0 0 0 0 0
0 0 0 0 0 0 0 0 0 0 0 0 0 0 0 0 0 0 0 0 26 26 26 26 26 4.1905 4.1905 4.1905 4.1905 4.1905 4.1905 4.1905 4.1905 4.1905 4.1905 4.1905 4.1905 4.1905 4.1905 4.1905 4.1905 4.1905 4.1905 4.1905 4.1905 4.1905 4.1905 4.1905 4.1905 4.1905 4.1905 4.1905 4.1905 4.1905 4.1905 0 0 0 0 0 0 0 0 0 0 0 0 0 0 0 0 0 0 0 0 0 0 0 0 0 0 0 0 0 0 0 0 0 0 0 0 0 0 0 0 0 0 0 0 0 0 0 0 0 0 0 0 0 0 0 0 0 0 0 0 0 0 0 0 0 0 0 0 0 0 0 0 0 0 0 0 0 0 0 0 0 0 0 0 0 0 0 0 0 0 0 0 0 0 0 0 0 0 0 0 0 0 0 0 0 0 0 0 0 0 0 0 0 0 0 0 0 0 0 0 0 0 0 0 0 0 0 0 0 0 0 0 0 0 0 0 0 0 0 0 0 0 0 0 0
0 0 0 0 0 0 0 0 0 0 0 0 0 0 0 0 0 0 0 0 26 26 26 26 26 4.1905 4.1905 4.1905 4.1905 4.1905 4.1905 4.1905 4.1905 4.1905 4.1905 4.1905 4.1905 4.1905 4.1905 4.1905 4.1905 4.1905 4.1905 4.1905 4.1905 4.1905 4.1905 4.1905 4.1905 4.1905 4.1905 4.1905 4.1905 4.1905 4.1905 0 0 0 0 0 0 0 0 0 0 0 0 0 0 0 0 0 0 0 0 0 0 0 0 0 0 0 0 0 0 0 0 0 0 0 0 0 0 0 0 0 0 0 0 0 0 0 0 0 0 0 0 0 0 0 0 0 0 0 0 0 0 0 0 0 0 0 0 0 0 0 0 0 0 0 0 0 0 0 0 0 0 0 0 0 0 0 0 0 0 0 0 0 0 0 0 0 0 0 0 0 0 0 0 0 0 0 0 0 0 0 0 0 0 0 0 0 0 0 0 0 0 0 0 0 0 0 0 0 0 0 0 0 0 0 0 0 0 0 0 0 0 0 0 0
0 0 0 0 0 0 0 0 0 0 0 0 0 0 0 0 0 0 0 0 26 26 26 26 26 4.1905 4.1905 4.1905 4.1905 4.1905 4.1905 4.1905 4.1905 4.1905 4.1905 4.1905 4.1905 4.1905 4.1905 4.1905 4.1905 4.1905 4.1905 4.1905 4.1905 4.1905 4.1905 4.1905 4.1905 4.1905 4.1905 4.1905 4.1905 4.1905 4.1905 0 0 0 0 0 0 0 0 0 0 0 0 0 0 0 0 0 0 0 0 0 0 0 0 0 0 0 0 0 0 0 0 0 0 0 0 0 0 0 0 0 0 0 0 0 0 0 0 0 0 0 0 0 0 0 0 0 0 0 0 0 0 0 0 0 0 0 0 0 0 0 0 0 0 0 0 0 0 0 0 0 0 0 0 0 0 0 0 0 0 0 0 0 0 0 0 0 0 0 0 0 0 0 0 0 0 0 0 0 0 0 0 0 0 0 0 0 0 0 0 0 0 0 0 0 0 0 0 0 0 0 0 0 0 0 0 0 0 0 0 0 0 0 0 0
0 0 0 0 0 0 0 0 0 0 0 0 0 0 0 0 0 0 0 0 26 26 26 26 26 4.1905 4.1905 4.1905 4.1905 4.1905 4.1905 4.1905 4.1905 4.1905 4.1905 4.1905 4.1905 4.1905 4.1905 4.1905 4.1905 4.1905 4.1905 4.1905 4.1905 4.1905 4.1905 4.1905 4.1905 4.1905 4.1905 4.1905 4.1905 4.1905 4.1905 0 0 0 0 0 0 0 0 0 0 0 0 0 0 0 0 0 0 0 0 0 0 0 0 0 0 0 0 0 0 0 0 0 0 0 0 0 0 0 0 0 0 0 0 0 0 0 0 0 0 0 0 0 0 0 0 0 0 0 0 0 0 0 0 0 0 0 0 0 0 0 0 0 0 0 0 0 0 0 0 0 0 0 0 0 0 0 0 0 0 0 0 0 0 0 0 0 0 0 0 0 0 0 0 0 0 0 0 0 0 0 0 0 0 0 0 0 0 0 0 0 0 0 0 0 0 0 0 0 0 0 0 0 0 0 0 0 0 0 0 0 0 0 0 0
0 0 0 0 0 0 0 0 0 0 0 0 0 0 0 0 0 0 0 0 26 26 26 26 26 4.1905 4.1905 4.1905 4.1905 4.1905 4.1905 4.1905 4.1905 4.1905 4.1905 4.1905 4.1905 4.1905 4.1905 4.1905 4.1905 4.1905 4.1905 4.1905 4.1905 4.1905 4.1905 4.1905 4.1905 4.1905 4.1905 4.1905 4.1905 4.1905 4.1905 0 0 0 0 0 0 0 0 0 0 0 0 0 0 0 0 0 0 0 0 0 0 0 0 0 0 0 0 0 0 0 0 0 0 0 0 0 0 0 0 0 0 0 0 0 0 0 0 0 0 0 0 0 0 0 0 0 0 0 0 0 0 0 0 0 0 0 0 0 0 0 0 0 0 0 0 0 0 0 0 0 0 0 0 0 0 0 0 0 0 0 0 0 0 0 0 0 0 0 0 0 0 0 0 0 0 0 0 0 0 0 0 0 0 0 0 0 0 0 0 0 0 0 0 0 0 0 0 0 0 0 0 0 0 0 0 0 0 0 0 0 0 0 0 0
0 0 0 0 0 0 0 0 0 0 0 0 0 0 0 0 0 0 0 0 26 26 26 26 26 4.1905 4.1905 4.1905 4.1905 4.1905 4.1905 4.1905 4.1905 4.1905 4.1905 4.1905 4.1905 4.1905 4.1905 4.1905 4.1905 4.1905 4.1905 4.1905 4.1905 4.1905 4.1905 4.1905 4.1905 4.1905 4.1905 4.1905 4.1905 4.1905 4.1905 0 0 0 0 0 0 0 0 0 0 0 0 0 0 0 0 0 0 0 0 0 0 0 0 0 0 0 0 0 0 0 0 0 0 0 0 0 0 0 0 0 0 0 0 0 0 0 0 0 0 0 0 0 0 0 0 0 0 0 0 0 0 0 0 0 0 0 0 0 0 0 0 0 0 0 0 0 0 0 0 0 0 0 0 0 0 0 0 0 0 0 0 0 0 0 0 0 0 0 0 0 0 0 0 0 0 0 0 0 0 0 0 0 0 0 0 0 0 0 0 0 0 0 0 0 0 0 0 0 0 0 0 0 0 0 0 0 0 0 0 0 0 0 0 0
0 0 0 0 0 0 0 0 0 0 0 0 0 0 0 0 0 0 0 0 26 26 26 26 26 4.1905 4.1905 4.1905 4.1905 4.1905 4.1905 4.1905 4.1905 4.1905 4.1905 4.1905 4.1905 4.1905 4.1905 4.1905 4.1905 4.1905 4.1905 4.1905 4.1905 4.1905 4.1905 4.1905 4.1905 4.1905 4.1905 4.1905 4.1905 4.1905 4.1905 0 0 0 0 0 0 0 0 0 0 0 0 0 0 0 0 0 0 0 0 0 0 0 0 0 0 0 0 0 0 0 0 0 0 0 0 0 0 0 0 0 0 0 0 0 0 0 0 0 0 0 0 0 0 0 0 0 0 0 0 0 0 0 0 0 0 0 0 0 0 0 0 0 0 0 0 0 0 0 0 0 0 0 0 0 0 0 0 0 0 0 0 0 0 0 0 0 0 0 0 0 0 0 0 0 0 0 0 0 0 0 0 0 0 0 0 0 0 0 0 0 0 0 0 0 0 0 0 0 0 0 0 0 0 0 0 0 0 0 0 0 0 0 0 0
0 0 0 0 0 0 0 0 0 0 0 0 0 0 0 0 0 0 0 0 26 26 26 26 26 4.1905 4.1905 4.1905 4.1905 4.1905 4.1905 4.1905 4.1905 4.1905 4.1905 4.1905 4.1905 4.1905 4.1905 4.1905 4.1905 4.1905 4.1905 4.1905 4.1905 4.1905 4.1905 4.1905 4.1905 4.1905 4.1905 4.1905 4.1905 4.1905 4.1905 0 0 0 0 0 0 0 0 0 0 0 0 0 0 0 0 0 0 0 0 0 0 0 0 0 0 0 0 0 0 0 0 0 0 0 0 0 0 0 0 0 0 0 0 0 0 0 0 0 0 0 0 0 0 0 0 0 0 0 0 0 0 0 0 0 0 0 0 0 0 0 0 0 0 0 0 0 0 0 0 0 0 0 0 0 0 0 0 0 0 0 0 0 0 0 0 0 0 0 0 0 0 0 0 0 0 0 0 0 0 0 0 0 0 0 0 0 0 0 0 0 0 0 0 0 0 0 0 0 0 0 0 0 0 0 0 0 0 0 0 0 0 0 0 0
0 0 0 0 0 0 0 0 0 0 0 0 0 0 0 0 0 0 0 0 26 26 26 26 26 4.1905 4.1905 4.1905 4.1905 4.1905 4.1905 4.1905 4.1905 4.1905 4.1905 4.1905 4.1905 4.1905 4.1905 4.1905 4.1905 4.1905 4.1905 4.1905 4.1905 4.1905 4.1905 4.1905 4.1905 4.1905 4.1905 4.1905 4.1905 4.1905 4.1905 0 0 0 0 0 0 0 0 0 0 0 0 0 0 0 0 0 0 0 0 0 0 0 0 0 0 0 0 0 0 0 0 0 0 0 0 0 0 0 0 0 0 0 0 0 0 0 0 0 0 0 0 0 0 0 0 0 0 0 0 0 0 0 0 0 0 0 0 0 0 0 0 0 0 0 0 0 0 0 0 0 0 0 0 0 0 0 0 0 0 0 0 0 0 0 0 0 0 0 0 0 0 0 0 0 0 0 0 0 0 0 0 0 0 0 0 0 0 0 0 0 0 0 0 0 0 0 0 0 0 0 0 0 0 0 0 0 0 0 0 0 0 0 0 0
