0 0 0 0 0 0 0 0 0 0 0 0 0 0 0 4.9524 4.9524 4.9524 4.9524 4.9524 4.9524 4.9524 4.9524 4.9524 4.9524 4.9524 4.9524 4.9524 4.9524 4.9524 4.9524 4.9524 4.9524 4.9524 4.9524 4.9524 4.9524 4.9524 4.9524 4.9524 4.9524 4.9524 4.9524 4.9524 4.9524 0 0 0 0 0 0 0 0 0 0 0 0 0 0 0 0 0 0 0 0 0 0 0 0 0 0 0 0 0 0 0 0 0 0 0 0 0 0 0 0 0 0 0 0 0 0 0 0 0 0 0 0 0 0 0 0 0 0 0 0 0 0 0 0 0 0 0 0 0 0 0 0 0 0 0 0 0 0 0 0 0 0 0 0 0
0 0 0 0 0 0 0 0 0 0 0 0 0 0 0 4.9524 4.9524 4.9524 4.9524 4.9524 4.9524 4.9524 4.9524 4.9524 4.9524 4.9524 4.9524 4.9524 4.9524 4.9524 4.9524 4.9524 4.9524 4.9524 4.9524 4.9524 4.9524 4.9524 4.9524 4.9524 4.9524 4.9524 4.9524 4.9524 4.9524 0 0 0 0 0 0 0 0 0 0 0 0 0 0 0 0 0 0 0 0 0 0 0 0 0 0 0 0 0 0 0 0 0 0 0 0 0 0 0 0 0 0 0 0 0 0 0 0 0 0 0 0 0 0 0 0 0 0 0 0 0 0 0 0 0 0 0 0 0 0 0 0 0 0 0 0 0 0 0 0 0 0 0 0 0
0 0 0 0 0 0 0 0 0 0 0 0 0 0 0 4.9524 4.9524 4.9524 4.9524 4.9524 4.9524 4.9524 4.9524 4.9524 4.9524 4.9524 4.9524 4.9524 4.9524 4.9524 4.9524 4.9524 4.9524 4.9524 4.9524 4.9524 4.9524 4.9524 4.9524 4.9524 4.9524 4.9524 4.9524 4.9524 4.9524 0 0 0 0 0 0 0 0 0 0 0 0 0 0 0 0 0 0 0 0 0 0 0 0 0 0 0 0 0 0 0 0 0 0 0 0 0 0 0 0 0 0 0 0 0 0 0 0 0 0 0 0 0 0 0 0 0 0 0 0 0 0 0 0 0 0 0 0 0 0 0 0 0 0 0 0 0 0 0 0 0 0 0 0 0
0 0 0 0 0 0 0 0 0 0 0 0 0 0 0 4.9524 4.9524 4.9524 4.9524 4.9524 4.9524 4.9524 4.9524 4.9524 4.9524 4.9524 4.9524 4.9524 4.9524 4.9524 4.9524 4.9524 4.9524 4.9524 4.9524 4.9524 4.9524 4.9524 4.9524 4.9524 4.9524 4.9524 4.9524 4.9524 4.9524 0 0 0 0 0 0 0 0 0 0 0 0 0 0 0 0 0 0 0 0 0 0 0 0 0 0 0 0 0 0 0 0 0 0 0 0 0 0 0 0 0 0 0 0 0 0 0 0 0 0 0 0 0 0 0 0 0 0 0 0 0 0 0 0 0 0 0 0 0 0 0 0 0 0 0 0 0 0 0 0 0 0 0 0 0
0 0 0 0 0 0 0 0 0 0 0 0 0 0 0 4.9524 4.9524 4.9524 4.9524 4.9524 4.9524 4.9524 4.9524 4.9524 4.9524 4.9524 4.9524 4.9524 4.9524 4.9524 4.9524 4.9524 4.9524 4.9524 4.9524 4.9524 4.9524 4.9524 4.9524 4.9524 4.9524 4.9524 4.9524 4.9524 4.9524 0 0 0 0 0 0 0 0 0 0 0 0 0 0 0 0 0 0 0 0 0 0 0 0 0 0 0 0 0 0 0 0 0 0 0 0 0 0 0 0 0 0 0 0 0 0 0 0 0 0 0 0 0 0 0 0 0 0 0 0 0 0 0 0 0 0 0 0 0 0 0 0 0 0 0 0 0 0 0 0 0 0 0 0 0
0 0 0 0 0 0 0 0 0 0 0 0 0 0 0 4.9524 4.9524 4.9524 4.9524 4.9524 4.9524 4.9524 4.9524 4.9524 4.9524 4.9524 4.9524 4.9524 4.9524 4.9524 4.9524 4.9524 4.9524 4.9524 4.9524 4.9524 4.9524 4.9524 4.9524 4.9524 4.9524 4.9524 4.9524 4.9524 4.9524 0 0 0 0 0 0 0 0 0 0 0 0 0 0 0 0 0 0 0 0 0 0 0 0 0 0 0 0 0 0 0 0 0 0 0 0 0 0 0 0 0 0 0 0 0 0 0 0 0 0 0 0 0 0 0 0 0 0 0 0 0 0 0 0 0 0 0 0 0 0 0 0 0 0 0 0 0 0 0 0 0 0 0 0 0
0 0 0 0 0 0 0 0 0 0 0 0 0 0 0 4.9524 4.9524 4.9524 4.9524 4.9524 4.9524 4.9524 4.9524 4.9524 4.9524 4.9524 4.9524 4.9524 4.9524 4.9524 4.9524 4.9524 4.9524 4.9524 4.9524 4.9524 4.9524 4.9524 4.9524 4.9524 4.9524 4.9524 4.9524 4.9524 4.9524 0 0 0 0 0 0 0 0 0 0 0 0 0 0 0 0 0 0 0 0 0 0 0 0 0 0 0 0 0 0 0 0 0 0 0 0 0 0 0 0 0 0 0 0 0 0 0 0 0 0 0 0 0 0 0 0 0 0 0 0 0 0 0 0 0 0 0 0 0 0 0 0 0 0 0 0 0 0 0 0 0 0 0 0 0
0 0 0 0 0 0 0 0 0 0 0 0 0 0 0 4.9524 4.9524 4.9524 4.9524 4.9524 4.9524 4.9524 4.9524 4.9524 4.9524 4.9524 4.9524 4.9524 4.9524 4.9524 4.9524 4.9524 4.9524 4.9524 4.9524 4.9524 4.9524 4.9524 4.9524 4.9524 4.9524 4.9524 4.9524 4.9524 4.9524 0 0 0 0 0 0 0 0 0 0 0 0 0 0 0 0 0 0 0 0 0 0 0 0 0 0 0 0 0 0 0 0 0 0 0 0 0 0 0 0 0 0 0 0 0 0 0 0 0 0 0 0 0 0 0 0 0 0 0 0 0 0 0 0 0 0 0 0 0 0 0 0 0 0 0 0 0 0 0 0 0 0 0 0 0
0 0 0 0 0 0 0 0 0 0 0 0 0 0 0 4.9524 4.9524 4.9524 4.9524 4.9524 4.9524 4.9524 4.9524 4.9524 4.9524 4.9524 4.9524 4.9524 4.9524 4.9524 4.9524 4.9524 4.9524 4.9524 4.9524 4.9524 4.9524 4.9524 4.9524 4.9524 4.9524 4.9524 4.9524 4.9524 4.9524 0 0 0 0 0 0 0 0 0 0 0 0 0 0 0 0 0 0 0 0 0 0 0 0 0 0 0 0 0 0 0 0 0 0 0 0 0 0 0 0 0 0 0 0 0 0 0 0 0 0 0 0 0 0 0 0 0 0 0 0 0 0 0 0 0 0 0 0 0 0 0 0 0 0 0 0 0 0 0 0 0 0 0 0 0
0 0 0 0 0 0 0 0 0 0 0 0 0 0 0 4.9524 4.9524 4.9524 4.9524 4.9524 4.9524 4.9524 4.9524 4.9524 4.9524 4.9524 4.9524 4.9524 4.9524 4.9524 4.9524 4.9524 4.9524 4.9524 4.9524 4.9524 4.9524 4.9524 4.9524 4.9524 4.9524 4.9524 4.9524 4.9524 4.9524 0 0 0 0 0 0 0 0 0 0 0 0 0 0 0 0 0 0 0 0 0 0 0 0 0 0 0 0 0 0 0 0 0 0 0 0 0 0 0 0 0 0 0 0 0 0 0 0 0 0 0 0 0 0 0 0 0 0 0 0 0 0 0 0 0 0 0 0 0 0 0 0 0 0 0 0 0 0 0 0 0 0 0 0 0
0 0 0 0 0 0 0 0 0 0 0 0 0 0 0 4.9524 4.9524 4.9524 4.9524 4.9524 4.9524 4.9524 4.9524 4.9524 4.9524 4.9524 4.9524 4.9524 4.9524 4.9524 4.9524 4.9524 4.9524 4.9524 4.9524 4.9524 4.9524 4.9524 4.9524 4.9524 4.9524 4.9524 4.9524 4.9524 4.9524 0 0 0 0 0 0 0 0 0 0 0 0 0 0 0 0 0 0 0 0 0 0 0 0 0 0 0 0 0 0 0 0 0 0 0 0 0 0 0 0 0 0 0 0 0 0 0 0 0 0 0 0 0 0 0 0 0 0 0 0 0 0 0 0 0 0 0 0 0 0 0 0 0 0 0 0 0 0 0 0 0 0 0 0 0
0 0 0 0 0 0 0 0 0 0 0 0 0 0 0 4.9524 4.9524 4.9524 4.9524 4.9524 4.9524 4.9524 4.9524 4.9524 4.9524 4.9524 4.9524 4.9524 4.9524 4.9524 4.9524 4.9524 4.9524 4.9524 4.9524 4.9524 4.9524 4.9524 4.9524 4.9524 4.9524 4.9524 4.9524 4.9524 4.9524 0 0 0 0 0 0 0 0 0 0 0 0 0 0 0 0 0 0 0 0 0 0 0 0 0 0 0 0 0 0 0 0 0 0 0 0 0 0 0 0 0 0 0 0 0 0 0 0 0 0 0 0 0 0 0 0 0 0 0 0 0 0 0 0 0 0 0 0 0 0 0 0 0 0 0 0 0 0 0 0 0 0 0 0 0
0 0 0 0 0 0 0 0 0 0 0 0 0 0 0 4.9524 4.9524 4.9524 4.9524 4.9524 4.9524 4.9524 4.9524 4.9524 4.9524 4.9524 4.9524 4.9524 4.9524 4.9524 4.9524 4.9524 4.9524 4.9524 4.9524 4.9524 4.9524 4.9524 4.9524 4.9524 4.9524 4.9524 4.9524 4.9524 4.9524 0 0 0 0 0 0 0 0 0 0 0 0 0 0 0 0 0 0 0 0 0 0 0 0 0 0 0 0 0 0 0 0 0 0 0 0 0 0 0 0 0 0 0 0 0 0 0 0 0 0 0 0 0 0 0 0 0 0 0 0 0 0 0 0 0 0 0 0 0 0 0 0 0 0 0 0 0 0 0 0 0 0 0 0 0
0 0 0 0 0 0 0 0 0 0 0 0 0 0 0 4.9524 4.9524 4.9524 4.9524 4.9524 4.9524 4.9524 4.9524 4.9524 4.9524 4.9524 4.9524 4.9524 4.9524 4.9524 4.9524 4.9524 4.9524 4.9524 4.9524 4.9524 4.9524 4.9524 4.9524 4.9524 4.9524 4.9524 4.9524 4.9524 4.9524 0 0 0 0 0 0 0 0 0 0 0 0 0 0 0 0 0 0 0 0 0 0 0 0 0 0 0 0 0 0 0 0 0 0 0 0 0 0 0 0 0 0 0 0 0 0 0 0 0 0 0 0 0 0 0 0 0 0 0 0 0 0 0 0 0 0 0 0 0 0 0 0 0 0 0 0 0 0 0 0 0 0 0 0 0
0 0 0 0 0 0 0 0 0 0 0 0 0 0 0 4.9524 4.9524 4.9524 4.9524 4.9524 4.9524 4.9524 4.9524 4.9524 4.9524 4.9524 4.9524 4.9524 4.9524 4.9524 4.9524 4.9524 4.9524 4.9524 4.9524 4.9524 4.9524 4.9524 4.9524 4.9524 4.9524 4.9524 4.9524 4.9524 4.9524 0 0 0 0 0 0 0 0 0 0 0 0 0 0 0 0 0 0 0 0 0 0 0 0 0 0 0 0 0 0 0 0 0 0 0 0 0 0 0 0 0 0 0 0 0 0 0 0 0 0 0 0 0 0 0 0 0 0 0 0 0 0 0 0 0 0 0 0 0 0 0 0 0 0 0 0 0 0 0 0 0 0 0 0 0
0 0 0 0 0 0 0 0 0 0 0 0 0 0 0 4.9524 4.9524 4.9524 4.9524 4.9524 4.9524 4.9524 4.9524 4.9524 4.9524 4.9524 4.9524 4.9524 4.9524 4.9524 4.9524 4.9524 4.9524 4.9524 4.9524 4.9524 4.9524 4.9524 4.9524 4.9524 4.9524 4.9524 4.9524 4.9524 4.9524 0 0 0 0 0 0 0 0 0 0 0 0 0 0 0 0 0 0 0 0 0 0 0 0 0 0 0 0 0 0 0 0 0 0 0 0 0 0 0 0 0 0 0 0 0 0 0 0 0 0 0 0 0 0 0 0 0 0 0 0 0 0 0 0 0 0 0 0 0 0 0 0 0 0 0 0 0 0 0 0 0 0 0 0 0
0 0 0 0 0 0 0 0 0 0 0 0 0 0 0 4.9524 4.9524 4.9524 4.9524 4.9524 4.9524 4.9524 4.9524 4.9524 4.9524 4.9524 4.9524 4.9524 4.9524 4.9524 4.9524 4.9524 4.9524 4.9524 4.9524 4.9524 4.9524 4.9524 4.9524 4.9524 4.9524 4.9524 4.9524 4.9524 4.9524 0 0 0 0 0 0 0 0 0 0 0 0 0 0 0 0 0 0 0 0 0 0 0 0 0 0 0 0 0 0 0 0 0 0 0 0 0 0 0 0 0 0 0 0 0 0 0 0 0 0 0 0 0 0 0 0 0 0 0 0 0 0 0 0 0 0 0 0 0 0 0 0 0 0 0 0 0 0 0 0 0 0 0 0 0
0 0 0 0 0 0 0 0 0 0 0 0 0 0 0 4.9524 4.9524 4.9524 4.9524 4.9524 4.9524 4.9524 4.9524 4.9524 4.9524 4.9524 4.9524 4.9524 4.9524 4.9524 4.9524 4.9524 4.9524 4.9524 4.9524 4.9524 4.9524 4.9524 4.9524 4.9524 4.9524 4.9524 4.9524 4.9524 4.9524 0 0 0 0 0 0 0 0 0 0 0 0 0 0 0 0 0 0 0 0 0 0 0 0 0 0 0 0 0 0 0 0 0 0 0 0 0 0 0 0 0 0 0 0 0 0 0 0 0 0 0 0 0 0 0 0 0 0 0 0 0 0 0 0 0 0 0 0 0 0 0 0 0 0 0 0 0 0 0 0 0 0 0 0 0
0 0 0 0 0 0 0 0 0 0 0 0 0 0 0 4.9524 4.9524 4.9524 4.9524 4.9524 4.9524 4.9524 4.9524 4.9524 4.9524 4.9524 4.9524 4.9524 4.9524 4.9524 4.9524 4.9524 4.9524 4.9524 4.9524 4.9524 4.9524 4.9524 4.9524 4.9524 4.9524 4.9524 4.9524 4.9524 4.9524 0 0 0 0 0 0 0 0 0 0 0 0 0 0 0 0 0 0 0 0 0 0 0 0 0 0 0 0 0 0 0 0 0 0 0 0 0 0 0 0 0 0 0 0 0 0 0 0 0 0 0 0 0 0 0 0 0 0 0 0 0 0 0 0 0 0 0 0 0 0 0 0 0 0 0 0 0 0 0 0 0 0 0 0 0
0 0 0 0 0 0 0 0 0 0 0 0 0 0 0 4.9524 4.9524 4.9524 4.9524 4.9524 4.9524 4.9524 4.9524 4.9524 4.9524 4.9524 4.9524 4.9524 4.9524 4.9524 4.9524 4.9524 4.9524 4.9524 4.9524 4.9524 4.9524 4.9524 4.9524 4.9524 4.9524 4.9524 4.9524 4.9524 4.9524 0 0 0 0 0 0 0 0 0 0 0 0 0 0 0 0 0 0 0 0 0 0 0 0 0 0 0 0 0 0 0 0 0 0 0 0 0 0 0 0 0 0 0 0 0 0 0 0 0 0 0 0 0 0 0 0 0 0 0 0 0 0 0 0 0 0 0 0 0 0 0 0 0 0 0 0 0 0 0 0 0 0 0 0 0
0 0 0 0 0 0 0 0 0 0 0 0 0 0 0 4.9524 4.9524 4.9524 4.9524 4.9524 4.9524 4.9524 4.9524 4.9524 4.9524 4.9524 4.9524 4.9524 4.9524 4.9524 4.9524 4.9524 4.9524 4.9524 4.9524 4.9524 4.9524 4.9524 4.9524 4.9524 4.9524 4.9524 4.9524 4.9524 4.9524 0 0 0 0 0 0 0 0 0 0 0 0 0 0 0 0 0 0 0 0 0 0 0 0 0 0 0 0 0 0 0 0 0 0 0 0 0 0 0 0 0 0 0 0 0 0 0 0 0 0 0 0 0 0 0 0 0 0 0 0 0 0 0 0 0 0 0 0 0 0 0 0 0 0 0 0 0 0 0 0 0 0 0 0 0
0 0 0 0 0 0 0 0 0 0 0 0 0 0 0 4.9524 4.9524 4.9524 4.9524 4.9524 4.9524 4.9524 4.9524 4.9524 4.9524 4.9524 4.9524 4.9524 4.9524 4.9524 4.9524 4.9524 4.9524 4.9524 4.9524 4.9524 4.9524 4.9524 4.9524 4.9524 4.9524 4.9524 4.9524 4.9524 4.9524 0 0 0 0 0 0 0 0 0 0 0 0 0 0 0 0 0 0 0 0 0 0 0 0 0 0 0 0 0 0 0 0 0 0 0 0 0 0 0 0 0 0 0 0 0 0 0 0 0 0 0 0 0 0 0 0 0 0 0 0 0 0 0 0 0 0 0 0 0 0 0 0 0 0 0 0 0 0 0 0 0 0 0 0 0
0 0 0 0 0 0 0 0 0 0 0 0 0 0 0 4.9524 4.9524 4.9524 4.9524 4.9524 4.9524 4.9524 4.9524 4.9524 4.9524 4.9524 4.9524 4.9524 4.9524 4.9524 4.9524 4.9524 4.9524 4.9524 4.9524 4.9524 4.9524 4.9524 4.9524 4.9524 4.9524 4.9524 4.9524 4.9524 4.9524 0 0 0 0 0 0 0 0 0 0 0 0 0 0 0 0 0 0 0 0 0 0 0 0 0 0 0 0 0 0 0 0 0 0 0 0 0 0 0 0 0 0 0 0 0 0 0 0 0 0 0 0 0 0 0 0 0 0 0 0 0 0 0 0 0 0 0 0 0 0 0 0 0 0 0 0 0 0 0 0 0 0 0 0 0
0 0 0 0 0 0 0 0 0 0 0 0 0 0 0 4.9524 4.9524 4.9524 4.9524 4.9524 4.9524 4.9524 4.9524 4.9524 4.9524 4.9524 4.9524 4.9524 4.9524 4.9524 4.9524 4.9524 4.9524 4.9524 4.9524 4.9524 4.9524 4.9524 4.9524 4.9524 4.9524 4.9524 4.9524 4.9524 4.9524 0 0 0 0 0 0 0 0 0 0 0 0 0 0 0 0 0 0 0 0 0 0 0 0 0 0 0 0 0 0 0 0 0 0 0 0 0 0 0 0 0 0 0 0 0 0 0 0 0 0 0 0 0 0 0 0 0 0 0 0 0 0 0 0 0 0 0 0 0 0 0 0 0 0 0 0 0 0 0 0 0 0 0 0 0
0 0 0 0 0 0 0 0 0 0 0 0 0 0 0 4.9524 4.9524 4.9524 4.9524 4.9524 4.9524 4.9524 4.9524 4.9524 4.9524 4.9524 4.9524 4.9524 4.9524 4.9524 4.9524 4.9524 4.9524 4.9524 4.9524 4.9524 4.9524 4.9524 4.9524 4.9524 4.9524 4.9524 4.9524 4.9524 4.9524 0 0 0 0 0 0 0 0 0 0 0 0 0 0 0 0 0 0 0 0 0 0 0 0 0 0 0 0 0 0 0 0 0 0 0 0 0 0 0 0 0 0 0 0 0 0 0 0 0 0 0 0 0 0 0 0 0 0 0 0 0 0 0 0 0 0 0 0 0 0 0 0 0 0 0 0 0 0 0 0 0 0 0 0 0
0 0 0 0 0 0 0 0 0 0 0 0 0 0 0 4.9524 4.9524 4.9524 4.9524 4.9524 4.9524 4.9524 4.9524 4.9524 4.9524 4.9524 4.9524 4.9524 4.9524 4.9524 4.9524 4.9524 4.9524 4.9524 4.9524 4.9524 4.9524 4.9524 4.9524 4.9524 4.9524 4.9524 4.9524 4.9524 4.9524 0 0 0 0 0 0 0 0 0 0 0 0 0 0 0 0 0 0 0 0 0 0 0 0 0 0 0 0 0 0 0 0 0 0 0 0 0 0 0 0 0 0 0 0 0 0 0 0 0 0 0 0 0 0 0 0 0 0 0 0 0 0 0 0 0 0 0 0 0 0 0 0 0 0 0 0 0 0 0 0 0 0 0 0 0
0 0 0 0 0 0 0 0 0 0 0 0 0 0 0 4.9524 4.9524 4.9524 4.9524 4.9524 4.9524 4.9524 4.9524 4.9524 4.9524 4.9524 4.9524 4.9524 4.9524 4.9524 4.9524 4.9524 4.9524 4.9524 4.9524 4.9524 4.9524 4.9524 4.9524 4.9524 4.9524 4.9524 4.9524 4.9524 4.9524 0 0 0 0 0 0 0 0 0 0 0 0 0 0 0 0 0 0 0 0 0 0 0 0 0 0 0 0 0 0 0 0 0 0 0 0 0 0 0 0 0 0 0 0 0 0 0 0 0 0 0 0 0 0 0 0 0 0 0 0 0 0 0 0 0 0 0 0 0 0 0 0 0 0 0 0 0 0 0 0 0 0 0 0 0
0 0 0 0 0 0 0 0 0 0 0 0 0 0 0 4.9524 4.9524 4.9524 4.9524 4.9524 4.9524 4.9524 4.9524 4.9524 4.9524 4.9524 4.9524 4.9524 4.9524 4.9524 4.9524 4.9524 4.9524 4.9524 4.9524 4.9524 4.9524 4.9524 4.9524 4.9524 4.9524 4.9524 4.9524 4.9524 4.9524 0 0 0 0 0 0 0 0 0 0 0 0 0 0 0 0 0 0 0 0 0 0 0 0 0 0 0 0 0 0 0 0 0 0 0 0 0 0 0 0 0 0 0 0 0 0 0 0 0 0 0 0 0 0 0 0 0 0 0 0 0 0 0 0 0 0 0 0 0 0 0 0 0 0 0 0 0 0 0 0 0 0 0 0 0
0 0 0 0 0 0 0 0 0 0 0 0 0 0 0 4.9524 4.9524 4.9524 4.9524 4.9524 4.9524 4.9524 4.9524 4.9524 4.9524 4.9524 4.9524 4.9524 4.9524 4.9524 4.9524 4.9524 4.9524 4.9524 4.9524 4.9524 4.9524 4.9524 4.9524 4.9524 4.9524 4.9524 4.9524 4.9524 4.9524 0 0 0 0 0 0 0 0 0 0 0 0 0 0 0 0 0 0 0 0 0 0 0 0 0 0 0 0 0 0 0 0 0 0 0 0 0 0 0 0 0 0 0 0 0 0 0 0 0 0 0 0 0 0 0 0 0 0 0 0 0 0 0 0 0 0 0 0 0 0 0 0 0 0 0 0 0 0 0 0 0 0 0 0 0
0 0 0 0 0 0 0 0 0 0 0 0 0 0 0 4.9524 4.9524 4.9524 4.9524 4.9524 4.9524 4.9524 4.9524 4.9524 4.9524 4.9524 4.9524 4.9524 4.9524 4.9524 4.9524 4.9524 4.9524 4.9524 4.9524 4.9524 4.9524 4.9524 4.9524 4.9524 4.9524 4.9524 4.9524 4.9524 4.9524 0 0 0 0 0 0 0 0 0 0 0 0 0 0 0 0 0 0 0 0 0 0 0 0 0 0 0 0 0 0 0 0 0 0 0 0 0 0 0 0 0 0 0 0 0 0 0 0 0 0 0 0 0 0 0 0 0 0 0 0 0 0 0 0 0 0 0 0 0 0 0 0 0 0 0 0 0 0 0 0 0 0 0 0 0
0 0 0 0 0 0 0 0 0 0 0 0 0 0 0 4.9524 4.9524 4.9524 4.9524 4.9524 4.9524 4.9524 4.9524 4.9524 4.9524 4.9524 4.9524 4.9524 4.9524 4.9524 4.9524 4.9524 4.9524 4.9524 4.9524 4.9524 4.9524 4.9524 4.9524 4.9524 4.9524 4.9524 4.9524 4.9524 4.9524 0 0 0 0 0 0 0 0 0 0 0 0 0 0 0 0 0 0 0 0 0 0 0 0 0 0 0 0 0 0 0 0 0 0 0 0 0 0 0 0 0 0 0 0 0 0 0 0 0 0 0 0 0 0 0 0 0 0 0 0 0 0 0 0 0 0 0 0 0 0 0 0 0 0 0 0 0 0 0 0 0 0 0 0 0
0 0 0 0 0 0 0 0 0 0 0 0 0 0 0 4.9524 4.9524 4.9524 4.9524 4.9524 4.9524 4.9524 4.9524 4.9524 4.9524 4.9524 4.9524 4.9524 4.9524 4.9524 4.9524 4.9524 4.9524 4.9524 4.9524 4.9524 4.9524 4.9524 4.9524 4.9524 4.9524 4.9524 4.9524 4.9524 4.9524 0 0 0 0 0 0 0 0 0 0 0 0 0 0 0 0 0 0 0 0 0 0 0 0 0 0 0 0 0 0 0 0 0 0 0 0 0 0 0 0 0 0 0 0 0 0 0 0 0 0 0 0 0 0 0 0 0 0 0 0 0 0 0 0 0 0 0 0 0 0 0 0 0 0 0 0 0 0 0 0 0 0 0 0 0
0 0 0 0 0 0 0 0 0 0 0 0 0 0 0 4.9524 4.9524 4.9524 4.9524 4.9524 4.9524 4.9524 4.9524 4.9524 4.9524 4.9524 4.9524 4.9524 4.9524 4.9524 4.9524 4.9524 4.9524 4.9524 4.9524 4.9524 4.9524 4.9524 4.9524 4.9524 4.9524 4.9524 4.9524 4.9524 4.9524 0 0 0 0 0 0 0 0 0 0 0 0 0 0 0 0 0 0 0 0 0 0 0 0 0 0 0 0 0 0 0 0 0 0 0 0 0 0 0 0 0 0 0 0 0 0 0 0 0 0 0 0 0 0 0 0 0 0 0 0 0 0 0 0 0 0 0 0 0 0 0 0 0 0 0 0 0 0 0 0 0 0 0 0 0
0 0 0 0 0 0 0 0 0 0 0 0 0 0 0 4.9524 4.9524 4.9524 4.9524 4.9524 4.9524 4.9524 4.9524 4.9524 4.9524 4.9524 4.9524 4.9524 4.9524 4.9524 4.9524 4.9524 4.9524 4.9524 4.9524 4.9524 4.9524 4.9524 4.9524 4.9524 4.9524 4.9524 4.9524 4.9524 4.9524 0 0 0 0 0 0 0 0 0 0 0 0 0 0 0 0 0 0 0 0 0 0 0 0 0 0 0 0 0 0 0 0 0 0 0 0 0 0 0 0 0 0 0 0 0 0 0 0 0 0 0 0 0 0 0 0 0 0 0 0 0 0 0 0 0 0 0 0 0 0 0 0 0 0 0 0 0 0 0 0 0 0 0 0 0
0 0 0 0 0 0 0 0 0 0 0 0 0 0 0 4.9524 4.9524 4.9524 4.9524 4.9524 4.9524 4.9524 4.9524 4.9524 4.9524 4.9524 4.9524 4.9524 4.9524 4.9524 4.9524 4.9524 4.9524 4.9524 4.9524 4.9524 4.9524 4.9524 4.9524 4.9524 4.9524 4.9524 4.9524 4.9524 4.9524 0 0 0 0 0 0 0 0 0 0 0 0 0 0 0 0 0 0 0 0 0 0 0 0 0 0 0 0 0 0 0 0 0 0 0 0 0 0 0 0 0 0 0 0 0 0 0 0 0 0 0 0 0 0 0 0 0 0 0 0 0 0 0 0 0 0 0 0 0 0 0 0 0 0 0 0 0 0 0 0 0 0 0 0 0
0 0 0 0 0 0 0 0 0 0 0 0 0 0 0 4.9524 4.9524 4.9524 4.9524 4.9524 4.9524 4.9524 4.9524 4.9524 4.9524 4.9524 4.9524 4.9524 4.9524 4.9524 4.9524 4.9524 4.9524 4.9524 4.9524 4.9524 4.9524 4.9524 4.9524 4.9524 4.9524 4.9524 4.9524 4.9524 4.9524 0 0 0 0 0 0 0 0 0 0 0 0 0 0 0 0 0 0 0 0 0 0 0 0 0 0 0 0 0 0 0 0 0 0 0 0 0 0 0 0 0 0 0 0 0 0 0 0 0 0 0 0 0 0 0 0 0 0 0 0 0 0 0 0 0 0 0 0 0 0 0 0 0 0 0 0 0 0 0 0 0 0 0 0 0
0 0 0 0 0 0 0 0 0 0 0 0 0 0 0 4.9524 4.9524 4.9524 4.9524 4.9524 4.9524 4.9524 4.9524 4.9524 4.9524 4.9524 4.9524 4.9524 4.9524 4.9524 4.9524 4.9524 4.9524 4.9524 4.9524 4.9524 4.9524 4.9524 4.9524 4.9524 4.9524 4.9524 4.9524 4.9524 4.9524 0 0 0 0 0 0 0 0 0 0 0 0 0 0 0 0 0 0 0 0 0 0 0 0 0 0 0 0 0 0 0 0 0 0 0 0 0 0 0 0 0 0 0 0 0 0 0 0 0 0 0 0 0 0 0 0 0 0 0 0 0 0 0 0 0 0 0 0 0 0 0 0 0 0 0 0 0 0 0 0 0 0 0 0 0
0 0 0 0 0 0 0 0 0 0 0 0 0 0 0 4.9524 4.9524 4.9524 4.9524 4.9524 4.9524 4.9524 4.9524 4.9524 4.9524 4.9524 4.9524 4.9524 4.9524 4.9524 4.9524 4.9524 4.9524 4.9524 4.9524 4.9524 4.9524 4.9524 4.9524 4.9524 4.9524 4.9524 4.9524 4.9524 4.9524 0 0 0 0 0 0 0 0 0 0 0 0 0 0 0 0 0 0 0 0 0 0 0 0 0 0 0 0 0 0 0 0 0 0 0 0 0 0 0 0 0 0 0 0 0 0 0 0 0 0 0 0 0 0 0 0 0 0 0 0 0 0 0 0 0 0 0 0 0 0 0 0 0 0 0 0 0 0 0 0 0 0 0 0 0
0 0 0 0 0 0 0 0 0 0 0 0 0 0 0 4.9524 4.9524 4.9524 4.9524 4.9524 4.9524 4.9524 4.9524 4.9524 4.9524 4.9524 4.9524 4.9524 4.9524 4.9524 4.9524 4.9524 4.9524 4.9524 4.9524 4.9524 4.9524 4.9524 4.9524 4.9524 4.9524 4.9524 4.9524 4.9524 4.9524 0 0 0 0 0 0 0 0 0 0 0 0 0 0 0 0 0 0 0 0 0 0 0 0 0 0 0 0 0 0 0 0 0 0 0 0 0 0 0 0 0 0 0 0 0 0 0 0 0 0 0 0 0 0 0 0 0 0 0 0 0 0 0 0 0 0 0 0 0 0 0 0 0 0 0 0 0 0 0 0 0 0 0 0 0
0 0 0 0 0 0 0 0 0 0 0 0 0 0 0 4.9524 4.9524 4.9524 4.9524 4.9524 4.9524 4.9524 4.9524 4.9524 4.9524 4.9524 4.9524 4.9524 4.9524 4.9524 4.9524 4.9524 4.9524 4.9524 4.9524 4.9524 4.9524 4.9524 4.9524 4.9524 4.9524 4.9524 4.9524 4.9524 4.9524 0 0 0 0 0 0 0 0 0 0 0 0 0 0 0 0 0 0 0 0 0 0 0 0 0 0 0 0 0 0 0 0 0 0 0 0 0 0 0 0 0 0 0 0 0 0 0 0 0 0 0 0 0 0 0 0 0 0 0 0 0 0 0 0 0 0 0 0 0 0 0 0 0 0 0 0 0 0 0 0 0 0 0 0 0
0 0 0 0 0 0 0 0 0 0 0 0 0 0 0 4.9524 4.9524 4.9524 4.9524 4.9524 4.9524 4.9524 4.9524 4.9524 4.9524 4.9524 4.9524 4.9524 4.9524 4.9524 4.9524 4.9524 4.9524 4.9524 4.9524 4.9524 4.9524 4.9524 4.9524 4.9524 4.9524 4.9524 4.9524 4.9524 4.9524 0 0 0 0 0 0 0 0 0 0 0 0 0 0 0 0 0 0 0 0 0 0 0 0 0 0 0 0 0 0 0 0 0 0 0 0 0 0 0 0 0 0 0 0 0 0 0 0 0 0 0 0 0 0 0 0 0 0 0 0 0 0 0 0 0 0 0 0 0 0 0 0 0 0 0 0 0 0 0 0 0 0 0 0 0
0 0 0 0 0 0 0 0 0 0 0 0 0 0 0 4.9524 4.9524 4.9524 4.9524 4.9524 4.9524 4.9524 4.9524 4.9524 4.9524 4.9524 4.9524 4.9524 4.9524 4.9524 4.9524 4.9524 4.9524 4.9524 4.9524 4.9524 4.9524 4.9524 4.9524 4.9524 4.9524 4.9524 4.9524 4.9524 4.9524 0 0 0 0 0 0 0 0 0 0 0 0 0 0 0 0 0 0 0 0 0 0 0 0 0 0 0 0 0 0 0 0 0 0 0 0 0 0 0 0 0 0 0 0 0 0 0 0 0 0 0 0 0 0 0 0 0 0 0 0 0 0 0 0 0 0 0 0 0 0 0 0 0 0 0 0 0 0 0 0 0 0 0 0 0
0 0 0 0 0 0 0 0 0 0 0 0 0 0 0 4.9524 4.9524 4.9524 4.9524 4.9524 4.9524 4.9524 4.9524 4.9524 4.9524 4.9524 4.9524 4.9524 4.9524 4.9524 4.9524 4.9524 4.9524 4.9524 4.9524 4.9524 4.9524 4.9524 4.9524 4.9524 4.9524 4.9524 4.9524 4.9524 4.9524 0 0 0 0 0 0 0 0 0 0 0 0 0 0 0 0 0 0 0 0 0 0 0 0 0 0 0 0 0 0 0 0 0 0 0 0 0 0 0 0 0 0 0 0 0 0 0 0 0 0 0 0 0 0 0 0 0 0 0 0 0 0 0 0 0 0 0 0 0 0 0 0 0 0 0 0 0 0 0 0 0 0 0 0 0
0 0 0 0 0 0 0 0 0 0 0 0 0 0 0 4.9524 4.9524 4.9524 4.9524 4.9524 4.9524 4.9524 4.9524 4.9524 4.9524 4.9524 4.9524 4.9524 4.9524 4.9524 4.9524 4.9524 4.9524 4.9524 4.9524 4.9524 4.9524 4.9524 4.9524 4.9524 4.9524 4.9524 4.9524 4.9524 4.9524 0 0 0 0 0 0 0 0 0 0 0 0 0 0 0 0 0 0 0 0 0 0 0 0 0 0 0 0 0 0 0 0 0 0 0 0 0 0 0 0 0 0 0 0 0 0 0 0 0 0 0 0 0 0 0 0 0 0 0 0 0 0 0 0 0 0 0 0 0 0 0 0 0 0 0 0 0 0 0 0 0 0 0 0 0
0 0 0 0 0 0 0 0 0 0 0 0 0 0 0 4.9524 4.9524 4.9524 4.9524 4.9524 4.9524 4.9524 4.9524 4.9524 4.9524 4.9524 4.9524 4.9524 4.9524 4.9524 4.9524 4.9524 4.9524 4.9524 4.9524 4.9524 4.9524 4.9524 4.9524 4.9524 4.9524 4.9524 4.9524 4.9524 4.9524 0 0 0 0 0 0 0 0 0 0 0 0 0 0 0 0 0 0 0 0 0 0 0 0 0 0 0 0 0 0 0 0 0 0 0 0 0 0 0 0 0 0 0 0 0 0 0 0 0 0 0 0 0 0 0 0 0 0 0 0 0 0 0 0 0 0 0 0 0 0 0 0 0 0 0 0 0 0 0 0 0 0 0 0 0
0 0 0 0 0 0 0 0 0 0 0 0 0 0 0 4.9524 4.9524 4.9524 4.9524 4.9524 4.9524 4.9524 4.9524 4.9524 4.9524 4.9524 4.9524 4.9524 4.9524 4.9524 4.9524 4.9524 4.9524 4.9524 4.9524 4.9524 4.9524 4.9524 4.9524 4.9524 4.9524 4.9524 4.9524 4.9524 4.9524 0 0 0 0 0 0 0 0 0 0 0 0 0 0 0 0 0 0 0 0 0 0 0 0 0 0 0 0 0 0 0 0 0 0 0 0 0 0 0 0 0 0 0 0 0 0 0 0 0 0 0 0 0 0 0 0 0 0 0 0 0 0 0 0 0 0 0 0 0 0 0 0 0 0 0 0 0 0 0 0 0 0 0 0 0
0 0 0 0 0 0 0 0 0 0 0 0 0 0 0 4.9524 4.9524 4.9524 4.9524 4.9524 4.9524 4.9524 4.9524 4.9524 4.9524 4.9524 4.9524 4.9524 4.9524 4.9524 4.9524 4.9524 4.9524 4.9524 4.9524 4.9524 4.9524 4.9524 4.9524 4.9524 4.9524 4.9524 4.9524 4.9524 4.9524 0 0 0 0 0 0 0 0 0 0 0 0 0 0 0 0 0 0 0 0 0 0 0 0 0 0 0 0 0 0 0 0 0 0 0 0 0 0 0 0 0 0 0 0 0 0 0 0 0 0 0 0 0 0 0 0 0 0 0 0 0 0 0 0 0 0 0 0 0 0 0 0 0 0 0 0 0 0 0 0 0 0 0 0 0
0 0 0 0 0 0 0 0 0 0 0 0 0 0 0 4.9524 4.9524 4.9524 4.9524 4.9524 4.9524 4.9524 4.9524 4.9524 4.9524 4.9524 4.9524 4.9524 4.9524 4.9524 4.9524 4.9524 4.9524 4.9524 4.9524 4.9524 4.9524 4.9524 4.9524 4.9524 4.9524 4.9524 4.9524 4.9524 4.9524 0 0 0 0 0 0 0 0 0 0 0 0 0 0 0 0 0 0 0 0 0 0 0 0 0 0 0 0 0 0 0 0 0 0 0 0 0 0 0 0 0 0 0 0 0 0 0 0 0 0 0 0 0 0 0 0 0 0 0 0 0 0 0 0 0 0 0 0 0 0 0 0 0 0 0 0 0 0 0 0 0 0 0 0 0
0 0 0 0 0 0 0 0 0 0 0 0 0 0 0 4.9524 4.9524 4.9524 4.9524 4.9524 4.9524 4.9524 4.9524 4.9524 4.9524 4.9524 4.9524 4.9524 4.9524 4.9524 4.9524 4.9524 4.9524 4.9524 4.9524 4.9524 4.9524 4.9524 4.9524 4.9524 4.9524 4.9524 4.9524 4.9524 4.9524 0 0 0 0 0 0 0 0 0 0 0 0 0 0 0 0 0 0 0 0 0 0 0 0 0 0 0 0 0 0 0 0 0 0 0 0 0 0 0 0 0 0 0 0 0 0 0 0 0 0 0 0 0 0 0 0 0 0 0 0 0 0 0 0 0 0 0 0 0 0 0 0 0 0 0 0 0 0 0 0 0 0 0 0 0
0 0 0 0 0 0 0 0 0 0 0 0 0 0 0 4.9524 4.9524 4.9524 4.9524 4.9524 4.9524 4.9524 4.9524 4.9524 4.9524 4.9524 4.9524 4.9524 4.9524 4.9524 4.9524 4.9524 4.9524 4.9524 4.9524 4.9524 4.9524 4.9524 4.9524 4.9524 4.9524 4.9524 4.9524 4.9524 4.9524 0 0 0 0 0 0 0 0 0 0 0 0 0 0 0 0 0 0 0 0 0 0 0 0 0 0 0 0 0 0 0 0 0 0 0 0 0 0 0 0 0 0 0 0 0 0 0 0 0 0 0 0 0 0 0 0 0 0 0 0 0 0 0 0 0 0 0 0 0 0 0 0 0 0 0 0 0 0 0 0 0 0 0 0 0
0 0 0 0 0 0 0 0 0 0 0 0 0 0 0 4.9524 4.9524 4.9524 4.9524 4.9524 4.9524 4.9524 4.9524 4.9524 4.9524 4.9524 4.9524 4.9524 4.9524 4.9524 4.9524 4.9524 4.9524 4.9524 4.9524 4.9524 4.9524 4.9524 4.9524 4.9524 4.9524 4.9524 4.9524 4.9524 4.9524 0 0 0 0 0 0 0 0 0 0 0 0 0 0 0 0 0 0 0 0 0 0 0 0 0 0 0 0 0 0 0 0 0 0 0 0 0 0 0 0 0 0 0 0 0 0 0 0 0 0 0 0 0 0 0 0 0 0 0 0 0 0 0 0 0 0 0 0 0 0 0 0 0 0 0 0 0 0 0 0 0 0 0 0 0
0 0 0 0 0 0 0 0 0 0 0 0 0 0 0 4.9524 4.9524 4.9524 4.9524 4.9524 4.9524 4.9524 4.9524 4.9524 4.9524 4.9524 4.9524 4.9524 4.9524 4.9524 4.9524 4.9524 4.9524 4.9524 4.9524 4.9524 4.9524 4.9524 4.9524 4.9524 4.9524 4.9524 4.9524 4.9524 4.9524 0 0 0 0 0 0 0 0 0 0 0 0 0 0 0 0 0 0 0 0 0 0 0 0 0 0 0 0 0 0 0 0 0 0 0 0 0 0 0 0 0 0 0 0 0 0 0 0 0 0 0 0 0 0 0 0 0 0 0 0 0 0 0 0 0 0 0 0 0 0 0 0 0 0 0 0 0 0 0 0 0 0 0 0 0
0 0 0 0 0 0 0 0 0 0 0 0 0 0 0 4.9524 4.9524 4.9524 4.9524 4.9524 4.9524 4.9524 4.9524 4.9524 4.9524 4.9524 4.9524 4.9524 4.9524 4.9524 4.9524 4.9524 4.9524 4.9524 4.9524 4.9524 4.9524 4.9524 4.9524 4.9524 4.9524 4.9524 4.9524 4.9524 4.9524 0 0 0 0 0 0 0 0 0 0 0 0 0 0 0 0 0 0 0 0 0 0 0 0 0 0 0 0 0 0 0 0 0 0 0 0 0 0 0 0 0 0 0 0 0 0 0 0 0 0 0 0 0 0 0 0 0 0 0 0 0 0 0 0 0 0 0 0 0 0 0 0 0 0 0 0 0 0 0 0 0 0 0 0 0
0 0 0 0 0 0 0 0 0 0 0 0 0 0 0 4.9524 4.9524 4.9524 4.9524 4.9524 4.9524 4.9524 4.9524 4.9524 4.9524 4.9524 4.9524 4.9524 4.9524 4.9524 4.9524 4.9524 4.9524 4.9524 4.9524 4.9524 4.9524 4.9524 4.9524 4.9524 4.9524 4.9524 4.9524 4.9524 4.9524 0 0 0 0 0 0 0 0 0 0 0 0 0 0 0 0 0 0 0 0 0 0 0 0 0 0 0 0 0 0 0 0 0 0 0 0 0 0 0 0 0 0 0 0 0 0 0 0 0 0 0 0 0 0 0 0 0 0 0 0 0 0 0 0 0 0 0 0 0 0 0 0 0 0 0 0 0 0 0 0 0 0 0 0 0
0 0 0 0 0 0 0 0 0 0 0 0 0 0 0 4.9524 4.9524 4.9524 4.9524 4.9524 4.9524 4.9524 4.9524 4.9524 4.9524 4.9524 4.9524 4.9524 4.9524 4.9524 4.9524 4.9524 4.9524 4.9524 4.9524 4.9524 4.9524 4.9524 4.9524 4.9524 4.9524 4.9524 4.9524 4.9524 4.9524 0 0 0 0 0 0 0 0 0 0 0 0 0 0 0 0 0 0 0 0 0 0 0 0 0 0 0 0 0 0 0 0 0 0 0 0 0 0 0 0 0 0 0 0 0 0 0 0 0 0 0 0 0 0 0 0 0 0 0 0 0 0 0 0 0 0 0 0 0 0 0 0 0 0 0 0 0 0 0 0 0 0 0 0 0
0 0 0 0 0 0 0 0 0 0 0 0 0 0 0 4.9524 4.9524 4.9524 4.9524 4.9524 4.9524 4.9524 4.9524 4.9524 4.9524 4.9524 4.9524 4.9524 4.9524 4.9524 4.9524 4.9524 4.9524 4.9524 4.9524 4.9524 4.9524 4.9524 4.9524 4.9524 4.9524 4.9524 4.9524 4.9524 4.9524 0 0 0 0 0 0 0 0 0 0 0 0 0 0 0 0 0 0 0 0 0 0 0 0 0 0 0 0 0 0 0 0 0 0 0 0 0 0 0 0 0 0 0 0 0 0 0 0 0 0 0 0 0 0 0 0 0 0 0 0 0 0 0 0 0 0 0 0 0 0 0 0 0 0 0 0 0 0 0 0 0 0 0 0 0
0 0 0 0 0 0 0 0 0 0 0 0 0 0 0 4.9524 4.9524 4.9524 4.9524 4.9524 4.9524 4.9524 4.9524 4.9524 4.9524 4.9524 4.9524 4.9524 4.9524 4.9524 4.9524 4.9524 4.9524 4.9524 4.9524 4.9524 4.9524 4.9524 4.9524 4.9524 4.9524 4.9524 4.9524 4.9524 4.9524 0 0 0 0 0 0 0 0 0 0 0 0 0 0 0 0 0 0 0 0 0 0 0 0 0 0 0 0 0 0 0 0 0 0 0 0 0 0 0 0 0 0 0 0 0 0 0 0 0 0 0 0 0 0 0 0 0 0 0 0 0 0 0 0 0 0 0 0 0 0 0 0 0 0 0 0 0 0 0 0 0 0 0 0 0
0 0 0 0 0 0 0 0 0 0 0 0 0 0 0 4.9524 4.9524 4.9524 4.9524 4.9524 4.9524 4.9524 4.9524 4.9524 4.9524 4.9524 4.9524 4.9524 4.9524 4.9524 4.9524 4.9524 4.9524 4.9524 4.9524 4.9524 4.9524 4.9524 4.9524 4.9524 4.9524 4.9524 4.9524 4.9524 4.9524 0 0 0 0 0 0 0 0 0 0 0 0 0 0 0 0 0 0 0 0 0 0 0 0 0 0 0 0 0 0 0 0 0 0 0 0 0 0 0 0 0 0 0 0 0 0 0 0 0 0 0 0 0 0 0 0 0 0 0 0 0 0 0 0 0 0 0 0 0 0 0 0 0 0 0 0 0 0 0 0 0 0 0 0 0
0 0 0 0 0 0 0 0 0 0 0 0 0 0 0 4.9524 4.9524 4.9524 4.9524 4.9524 4.9524 4.9524 4.9524 4.9524 4.9524 4.9524 4.9524 4.9524 4.9524 4.9524 4.9524 4.9524 4.9524 4.9524 4.9524 4.9524 4.9524 4.9524 4.9524 4.9524 4.9524 4.9524 4.9524 4.9524 4.9524 0 0 0 0 0 0 0 0 0 0 0 0 0 0 0 0 0 0 0 0 0 0 0 0 0 0 0 0 0 0 0 0 0 0 0 0 0 0 0 0 0 0 0 0 0 0 0 0 0 0 0 0 0 0 0 0 0 0 0 0 0 0 0 0 0 0 0 0 0 0 0 0 0 0 0 0 0 0 0 0 0 0 0 0 0
0 0 0 0 0 0 0 0 0 0 0 0 0 0 0 4.9524 4.9524 4.9524 4.9524 4.9524 4.9524 4.9524 4.9524 4.9524 4.9524 4.9524 4.9524 4.9524 4.9524 4.9524 4.9524 4.9524 4.9524 4.9524 4.9524 4.9524 4.9524 4.9524 4.9524 4.9524 4.9524 4.9524 4.9524 4.9524 4.9524 0 0 0 0 0 0 0 0 0 0 0 0 0 0 0 0 0 0 0 0 0 0 0 0 0 0 0 0 0 0 0 0 0 0 0 0 0 0 0 0 0 0 0 0 0 0 0 0 0 0 0 0 0 0 0 0 0 0 0 0 0 0 0 0 0 0 0 0 0 0 0 0 0 0 0 0 0 0 0 0 0 0 0 0 0
0 0 0 0 0 0 0 0 0 0 0 0 0 0 0 4.9524 4.9524 4.9524 4.9524 4.9524 4.9524 4.9524 4.9524 4.9524 4.9524 4.9524 4.9524 4.9524 4.9524 4.9524 4.9524 4.9524 4.9524 4.9524 4.9524 4.9524 4.9524 4.9524 4.9524 4.9524 4.9524 4.9524 4.9524 4.9524 4.9524 0 0 0 0 0 0 0 0 0 0 0 0 0 0 0 0 0 0 0 0 0 0 0 0 0 0 0 0 0 0 0 0 0 0 0 0 0 0 0 0 0 0 0 0 0 0 0 0 0 0 0 0 0 0 0 0 0 0 0 0 0 0 0 0 0 0 0 0 0 0 0 0 0 0 0 0 0 0 0 0 0 0 0 0 0
0 0 0 0 0 0 0 0 0 0 0 0 0 0 0 4.9524 4.9524 4.9524 4.9524 4.9524 4.9524 4.9524 4.9524 4.9524 4.9524 4.9524 4.9524 4.9524 4.9524 4.9524 4.9524 4.9524 4.9524 4.9524 4.9524 4.9524 4.9524 4.9524 4.9524 4.9524 4.9524 4.9524 4.9524 4.9524 4.9524 0 0 0 0 0 0 0 0 0 0 0 0 0 0 0 0 0 0 0 0 0 0 0 0 0 0 0 0 0 0 0 0 0 0 0 0 0 0 0 0 0 0 0 0 0 0 0 0 0 0 0 0 0 0 0 0 0 0 0 0 0 0 0 0 0 0 0 0 0 0 0 0 0 0 0 0 0 0 0 0 0 0 0 0 0
0 0 0 0 0 0 0 0 0 0 0 0 0 0 0 4.9524 4.9524 4.9524 4.9524 4.9524 4.9524 4.9524 4.9524 4.9524 4.9524 4.9524 4.9524 4.9524 4.9524 4.9524 4.9524 4.9524 4.9524 4.9524 4.9524 4.9524 4.9524 4.9524 4.9524 4.9524 4.9524 4.9524 4.9524 4.9524 4.9524 0 0 0 0 0 0 0 0 0 0 0 0 0 0 0 0 0 0 0 0 0 0 0 0 0 0 0 0 0 0 0 0 0 0 0 0 0 0 0 0 0 0 0 0 0 0 0 0 0 0 0 0 0 0 0 0 0 0 0 0 0 0 0 0 0 0 0 0 0 0 0 0 0 0 0 0 0 0 0 0 0 0 0 0 0
0 0 0 0 0 0 0 0 0 0 0 0 0 0 0 4.9524 4.9524 4.9524 4.9524 4.9524 4.9524 4.9524 4.9524 4.9524 4.9524 4.9524 4.9524 4.9524 4.9524 4.9524 4.9524 4.9524 4.9524 4.9524 4.9524 4.9524 4.9524 4.9524 4.9524 4.9524 4.9524 4.9524 4.9524 4.9524 4.9524 0 0 0 0 0 0 0 0 0 0 0 0 0 0 0 0 0 0 0 0 0 0 0 0 0 0 0 0 0 0 0 0 0 0 0 0 0 0 0 0 0 0 0 0 0 0 0 0 0 0 0 0 0 0 0 0 0 0 0 0 0 0 0 0 0 0 0 0 0 0 0 0 0 0 0 0 0 0 0 0 0 0 0 0 0
